#    1.067  -5.541   8.618 ;Mean Elev.(m), Avg Gradient(m/km), RMS Gradient(m/km) - SRTM1     
#   -1.850  -5.821   9.082 ;Mean Elev.(m), Avg Gradient(m/km), RMS Gradient(m/km) - ASTER GDEM
#    1.703  -5.722   8.505 ;Mean Elev.(m), Avg Gradient(m/km), RMS Gradient(m/km) - GMTED2010 
   1 287.571702  46.385622    76.294    79.858  3 54666.91044403  4.945
   3 287.571174  46.389050   -24.995   -24.965  9 54686.74173096 11.340
   4 287.574678  46.389391     4.944     4.845  9 54696.65737280 22.183
   5 287.574581  46.391045   -20.975   -20.822  9 54706.57301298 11.886
   6 287.570288  46.389435     7.763     6.195  9 54716.48866523 25.295
   7 287.566184  46.387089     4.832     3.531  9 54726.40431507 27.433
   8 287.561900  46.386960    10.021     9.905  8 54736.31996259 27.266
   9 287.560743  46.387484     3.463     3.452  8 54746.23560945 30.168
  10 287.561796  46.387773     5.105     4.270  9 54756.15125604 27.771
  12 287.563112  46.386755     3.827     3.792  9 54775.98254314 37.658
  13 287.561649  46.386813    12.553    11.744  8 54785.89818253 25.586
  14 287.562182  46.387138     3.704     3.383  9 54795.81382089 27.007
  15 287.567227  46.387091     3.797     3.829  9 54805.72945939 32.006
  16 287.571667  46.388561     3.946     3.926 10 54815.64509707 47.716
  17 287.571980  46.388691     4.460     4.189  9 54825.56074424 35.015
  18 287.569006  46.387139     4.462     4.526  9 54835.47638402 40.935
  19 287.564217  46.387800     4.835     4.843  9 54845.39203336 43.706
  20 287.563228  46.387299     4.428     4.432  8 54855.30768235 46.680
  21 287.564959  46.386663     4.357     4.452  9 54865.22333139 47.940
  22 287.565443  46.386856     5.649     4.398  9 54875.13897969 25.813
  23 287.563578  46.388351     4.945     4.850  9 54885.05462478 43.085
  24 287.561643  46.387047     4.976     4.966  8 54894.97026695 43.215
  25 287.557278  46.387962     4.947     5.018  8 54904.88590595 41.561
  26 287.558467  46.386316     4.180     4.196  8 54914.80154495 49.698
  28 287.564166  46.387892    14.199    11.878  9 54934.63282109 26.310
  29 287.572386  46.383682     6.242     5.030  5 54944.54845825 29.416
  30 287.570124  46.388500     4.945     4.734  9 54954.46409048 33.888
  31 287.566493  46.388239     4.852     4.858  9 54964.37973624 48.463
  32 287.564323  46.387504     8.052     8.399  8 54974.29538436 24.696
  33 287.566059  46.386611     4.278     4.308  9 54984.21103218 47.941
  34 287.567543  46.387989     8.661     8.837  9 54994.12667939 24.284
  35 287.568252  46.388340     6.413     3.864  9 55004.04232546 23.040
  36 287.567224  46.387940     6.289     4.497  9 55013.95796947 25.787
  37 287.566498  46.386821     4.161     4.174  9 55023.87361234 34.049
  38 287.566167  46.387381     5.273     4.707  9 55033.78925445 25.024
  39 287.568213  46.387995     7.613     7.876 10 55043.70489616 25.142
  40 287.571566  46.388496     4.060     3.748 10 55053.62053647 26.620
  41 287.572081  46.389240     3.688     3.634  9 55063.53617425 34.840
  42 287.568947  46.387901     3.511     3.479 10 55073.45181977 28.001
  43 287.563972  46.386892     3.849     3.802  9 55083.36746768 26.008
  44 287.561233  46.386656     6.547     4.589  8 55093.28311391 23.660
  45 287.560354  46.387676     4.344     3.166  8 55103.19875979 30.786
  46 287.562556  46.386868     3.504     3.446  8 55113.11440598 28.981
  47 287.563198  46.387305     4.832     3.444  8 55123.03004938 26.498
  48 287.562918  46.387536     9.337     9.542  9 55132.94568988 25.444
  49 287.562352  46.387171     3.686     3.650  8 55142.86132853 28.169
  50 287.562694  46.387412     4.609     4.612  9 55152.77696677 47.529
  51 287.566473  46.386882     8.386     8.577  9 55162.69260595 28.048
  52 287.569775  46.388588     5.115     5.145  9 55172.60824439 39.125
  53 287.573290  46.389557    28.803    22.265  9 55182.52388142 20.589
  54 287.570574  46.388845     4.130     4.264  9 55192.43953259 43.144
  55 287.568127  46.387095     4.681     4.611  9 55202.35518287 47.092
  56 287.566129  46.386826     4.268     4.220  9 55212.27083213 44.384
  57 287.564174  46.388563     4.243     4.279  9 55222.18648047 34.724
  58 287.564189  46.387630     4.487     4.522  9 55232.10212813 45.714
  59 287.563214  46.387494     3.962     4.015  8 55242.01777237 42.481
  60 287.560491  46.387563     4.572     4.581  9 55251.93341303 39.283
  61 287.558868  46.386935     4.960     4.931  8 55261.84905185 44.144
  62 287.559775  46.387073     8.992     9.233  8 55271.76469000 28.644
  63 287.562505  46.387548    12.642    13.106  8 55281.68032824 22.063
  64 287.566188  46.387520     4.620     4.860 10 55291.59596550 50.105
  65 287.568264  46.388557    11.043    10.440  9 55301.51160014 22.350
  66 287.565982  46.387800     4.065     3.968  9 55311.42724789 28.303
  67 287.564228  46.387263     4.191     3.920  9 55321.34289337 35.998
  68 287.563891  46.387002     3.659     3.546  9 55331.25853758 33.387
  69 287.565269  46.386827     3.382     3.412  9 55341.17418180 44.661
  70 287.566484  46.387703     4.026     3.948 10 55351.08982557 30.316
  71 287.568474  46.387555     3.086     3.073 10 55361.00546744 35.603
  72 287.568793  46.387964     2.788     2.826  9 55370.92110699 38.226
  73 287.569372  46.388519     6.501     6.623 10 55380.83674519 25.491
  74 287.571443  46.388426     4.065     3.712 10 55390.75238306 41.303
  75 287.572800  46.389995     4.496     3.454 10 55400.66801947 26.077
  76 287.571544  46.389415     2.776     2.589  9 55410.58366818 35.821
  77 287.567892  46.388186     4.180     3.055 10 55420.49931835 28.189
  78 287.564565  46.386741     2.795     2.755  9 55430.41496545 38.116
  79 287.561099  46.387683     7.601     6.827  8 55440.33060951 23.219
  80 287.561545  46.387606     4.072     4.126  8 55450.24625246 27.983
  81 287.563338  46.387733     3.226     3.302  9 55460.16189491 30.509
  82 287.565156  46.387190    11.323    11.519  9 55470.07753644 23.690
  83 287.565749  46.387266     4.337     4.390  9 55479.99317466 28.821
  84 287.565513  46.388495     8.910     9.079  9 55489.90881003 25.702
  85 287.568536  46.388024     9.053     9.424 10 55499.82444400 27.663
  86 287.569908  46.388190     7.502     7.454 10 55509.74008528 26.042
  87 287.568596  46.388664     8.767    10.195  9 55519.65573521 26.669
  88 287.568596  46.388015     4.409     4.595  9 55529.57138456 48.806
  89 287.568430  46.387013     4.559     4.671  9 55539.48703219 42.791
  90 287.567104  46.387361     4.581     4.656  9 55549.40267717 45.773
  91 287.565966  46.387867     4.629     4.583  9 55559.31832030 44.836
  92 287.567184  46.387692     5.149     5.198  9 55569.23396278 42.161
  93 287.568592  46.387616     4.321     4.404  9 55579.14960424 45.186
  94 287.568207  46.388109     4.449     4.440 10 55589.06524290 46.493
  95 287.568230  46.387642     4.274     4.313 10 55598.98087873 47.828
  96 287.568272  46.387649     3.994     3.942 10 55608.89651212 47.206
  97 287.569818  46.388590     4.049     4.104 10 55618.81214394 38.687
  98 287.569833  46.388728     4.796     4.801  9 55628.72779217 44.412
  99 287.569713  46.388332     6.981     5.359  9 55638.64344371 27.884
 100 287.567905  46.388083     4.813     4.539 10 55648.55909291 29.644
 101 287.564842  46.387248     4.506     4.367  9 55658.47473900 39.080
 102 287.562703  46.386923    10.958    11.373  9 55668.39038102 26.981
 104 287.567333  46.388374     8.122     9.027  9 55688.22165803 29.434
 105 287.571778  46.388827    10.047     9.798 10 55698.13729433 27.617
 106 287.573934  46.389850     8.547     8.819 10 55708.05293013 25.862
 107 287.571270  46.388912     5.167     4.833 10 55717.96858087 32.340
 108 287.569697  46.387356     5.840     4.510  9 55727.88422926 24.022
 109 287.568506  46.387744     8.888     9.292 10 55737.79987590 26.313
 110 287.568985  46.387672     4.282     4.527  9 55747.71552163 24.101
 111 287.568963  46.387818     4.291     4.376  9 55757.63116519 33.100
 112 287.568336  46.387514     3.388     3.388  9 55767.54680610 34.704
 113 287.565563  46.388548     4.762     3.519  9 55777.46244350 24.389
 114 287.566887  46.386613     4.139     4.242  9 55787.37807907 29.371
 115 287.568211  46.388459     4.178     3.189  9 55797.29371224 28.332
 116 287.570572  46.388578     5.942     4.776 10 55807.20935490 26.153
 117 287.570677  46.389559     4.088     4.118  9 55817.12500341 42.091
 118 287.571109  46.388355     4.007     3.672 10 55827.04064888 42.426
 119 287.569135  46.388265    10.272    10.096 10 55836.95628961 24.406
 120 287.567590  46.388031     4.840     3.881  9 55846.87192732 26.278
 121 287.569577  46.388707     9.784     9.800  9 55856.78756295 26.181
 122 287.571873  46.388999    10.179     9.794  9 55866.70320696 24.834
 123 287.571823  46.389469     8.698     8.915 10 55876.61885946 26.844
 124 287.571360  46.389615     6.358     4.147  9 55886.53450585 25.944
 125 287.571664  46.388509     5.853     4.958 10 55896.45014673 29.406
 126 287.572245  46.388755     4.593     4.290 10 55906.36578214 31.284
 127 287.571667  46.388573     4.678     4.370 10 55916.28142642 47.733
 128 287.569598  46.388431     3.845     3.900 10 55926.19707968 39.891
 129 287.568809  46.388060     4.426     4.503  9 55936.11272971 46.484
 130 287.566561  46.387566     4.307     4.338 10 55946.02837477 40.579
 131 287.563368  46.387614     4.238     4.078  9 55955.94401520 40.203
 132 287.561828  46.387744     4.075     4.048  9 55965.85965333 38.706
 133 287.564189  46.387551     3.917     3.943  8 55975.77529092 26.965
 134 287.569461  46.387711     4.317     4.390  9 55985.69092799 40.711
 135 287.573521  46.389346     4.568     4.562 10 55995.60656381 35.271
 136 287.570778  46.388661     4.885     4.855 10 56005.52221594 52.155
 137 287.566169  46.387752     4.916     4.881  9 56015.43786392 24.679
 138 287.562585  46.387097     4.793     4.842  9 56025.35350879 27.904
 139 287.562546  46.387483     6.990     7.465  9 56035.26915172 25.732
 140 287.566995  46.387880    13.365    12.644  9 56045.18479288 24.144
 141 287.571563  46.388530     4.064     4.027 10 56055.10043116 47.862
 142 287.573957  46.390158     4.404     4.239  9 56065.01606519 27.862
 143 287.572185  46.389481     4.700     3.651  9 56074.93170976 26.138
 144 287.569094  46.388005    11.173     9.811 10 56084.84735917 23.124
 145 287.567522  46.387864     3.233     3.274  9 56094.76300626 29.627
 146 287.568073  46.388146     4.047     3.076 10 56104.67865143 29.041
 147 287.568822  46.387867     3.286     3.232 10 56114.59428226 38.235
 148 287.568870  46.388129     3.137     3.090  9 56124.50992070 33.561
 149 287.569028  46.387815     3.217     2.996 10 56134.42555522 29.561
 150 287.567861  46.387711     3.017     3.097 10 56144.34119531 33.825
 151 287.565630  46.387861     3.171     3.261  9 56154.25684510 44.037
 152 287.566254  46.387902     2.608     2.584  9 56164.17249387 39.823
 153 287.567485  46.388259     3.286     3.316  9 56174.08814050 39.644
 154 287.569364  46.387379     3.046     3.017  9 56184.00378231 48.908
 155 287.567991  46.387809     4.605     3.193  9 56193.91941988 26.577
 156 287.567336  46.387874     7.013     7.380  9 56203.83505492 24.842
 157 287.569363  46.388959     3.167     3.223  9 56213.75068864 36.172
 158 287.574972  46.389702     5.018     4.535  9 56223.66632340 28.681
 159 287.573828  46.390534     8.571     9.131  9 56233.58197948 24.809
 160 287.572502  46.389836     5.717     3.973  9 56243.49763180 25.098
 161 287.569697  46.388977     3.878     3.839  9 56253.41327926 38.386
 162 287.568440  46.387929     3.456     3.454 10 56263.32892235 26.947
 163 287.568429  46.387794     3.849     4.002  9 56273.24456337 35.687
 164 287.568751  46.388261    12.648    12.725  9 56283.16020626 22.983
 165 287.567329  46.387691     3.632     3.566  9 56293.07585766 47.524
 166 287.565080  46.386888     3.734     3.937  9 56302.99150464 49.908
 167 287.561850  46.387561     4.369     4.267  9 56312.90714719 31.449
 168 287.562286  46.386739     4.552     4.642  9 56322.82278841 48.350
 169 287.563703  46.387652     4.621     4.633  9 56332.73842900 37.774
 170 287.567321  46.387376     3.719     3.729  9 56342.65406961 39.972
 171 287.569664  46.388484     4.298     4.353 10 56352.56970757 38.033
 172 287.569877  46.388133     3.962     3.940 10 56362.48534927 50.745
 173 287.565596  46.388221     4.561     4.591  9 56372.40099829 44.670
 175 287.563798  46.387589     4.680     4.628  8 56392.23228905 46.572
 176 287.567239  46.387309    11.989    12.262  9 56402.14793195 26.257
 177 287.569988  46.388277     5.244     4.998  9 56412.06357174 28.600
 178 287.572526  46.389343     4.830     4.739 10 56421.97920654 26.983
 179 287.572815  46.388996     4.799     4.629 10 56431.89484704 26.541
 180 287.572232  46.384213     5.057     5.093  6 56441.81050054 30.631
 181 287.565057  46.388591    11.065     9.865  9 56451.72614937 23.130
 182 287.563981  46.388412     5.939     4.503  9 56461.64179727 23.407
 183 287.563633  46.387615     9.697     9.406  8 56471.55744205 23.170
 184 287.564095  46.386640     4.459     3.632  9 56481.47308338 25.564
 185 287.564809  46.386646     3.565     3.627  9 56491.38872063 36.293
 186 287.567016  46.387610     3.559     3.443 10 56501.30435514 26.409
 187 287.571309  46.388817    59.646    65.180  9 56511.21998815 20.014
 188 287.572119  46.389408     3.133     3.134 10 56521.13563280 34.824
 189 287.570008  46.388803     3.769     3.764  9 56531.05128549 27.224
 191 287.567018  46.386833     4.195     3.507  9 56550.88257938 27.272
 192 287.566564  46.387019     4.039     3.988  9 56560.79822205 32.786
 193 287.567772  46.387782     5.631     3.266  9 56570.71386385 27.108
 194 287.570168  46.389055     9.119     9.037  9 56580.62950428 24.668
 195 287.573774  46.389731     6.991     6.692  9 56590.54514089 28.605
 196 287.572559  46.389278     4.171     4.214  9 56600.46078823 27.462
 197 287.569592  46.387786     7.719     7.869 10 56610.37643861 26.330
 198 287.567802  46.388079     6.232     4.305  9 56620.29208389 25.793
 199 287.568430  46.387831     4.619     4.728  9 56630.20772628 49.747
 200 287.569916  46.388058     4.327     4.307  9 56640.12336507 44.943
 201 287.569053  46.387136     4.439     4.481  9 56650.03901117 47.573
 202 287.564548  46.386882     4.059     4.036  9 56659.95466146 41.937
 203 287.561695  46.387233     3.809     3.782  9 56669.87030831 37.902
 204 287.562644  46.387542     4.508     4.710  8 56679.78595349 46.458
 205 287.565944  46.387391     4.804     4.792  9 56689.70159741 46.248
 206 287.568917  46.387159     4.211     4.226  9 56699.61723840 46.790
 207 287.569653  46.387973     4.198     4.402  9 56709.53287433 37.303
 208 287.568769  46.387282     4.473     4.468  9 56719.44851521 47.807
 209 287.563774  46.388180     3.155     3.080  9 56729.36416706 45.518
 210 287.563725  46.387977     4.350     4.401  9 56739.27981544 42.712
 211 287.567375  46.386762     5.032     5.147  9 56749.19546029 41.392
 212 287.569471  46.388467     5.561     5.555  9 56759.11109968 51.634
 213 287.571792  46.389952     9.751    10.003  9 56769.02673288 26.606
 214 287.570282  46.387929     6.485     6.602  9 56778.94238164 46.144
 215 287.565054  46.387763     9.089    10.086  9 56788.85803683 26.226
 216 287.561576  46.387668     6.249     5.267  8 56798.77368888 25.781
 217 287.561814  46.387284     8.312     5.411  9 56808.68933541 24.438
 218 287.562776  46.387697     7.406     7.855  9 56818.60497630 23.167
 219 287.563696  46.387727     9.941     9.233  9 56828.52061357 21.852
 220 287.564785  46.387631     3.902     3.932  9 56838.43624764 34.696
 221 287.567927  46.387926     3.295     3.269 10 56848.35187893 28.046
 222 287.566721  46.387426     3.998     4.045  9 56858.26753290 39.053
 223 287.566997  46.387868     3.985     3.966  9 56868.18318605 27.829
 224 287.566952  46.387493     3.649     3.705 10 56878.09883734 32.287
 225 287.565217  46.386589     4.124     3.984  9 56888.01448531 37.479
 226 287.560793  46.387432     4.766     3.674  8 56897.93013009 25.263
 227 287.559888  46.386988     6.983     7.332  9 56907.84577296 25.681
 228 287.562471  46.387174     5.449     3.501  9 56917.76141417 27.935
 229 287.568031  46.387258     3.825     3.622  9 56927.67705378 30.689
 230 287.571826  46.389016     4.548     4.582  9 56937.59268907 27.264
 231 287.574089  46.390410     7.737     7.955  9 56947.50832096 24.964
 232 287.570008  46.388095     9.191     9.097 10 56957.42397494 26.291
 233 287.566129  46.387553     8.115     8.782 10 56967.33962308 26.520
 234 287.566968  46.386630     3.759     3.837  9 56977.25526751 29.030
 235 287.569249  46.387467     8.916     8.846  9 56987.17090715 27.097
 236 287.571724  46.389338     4.677     4.530  9 56997.08654063 36.401
 237 287.571084  46.387873     3.954     3.982  9 57007.00218671 41.628
 238 287.566225  46.386567    10.678    10.769  9 57016.91784027 23.099
 239 287.561968  46.387465     4.057     4.120  9 57026.83349005 40.936
 240 287.562977  46.387366     4.062     4.117  8 57036.74913880 47.551
 241 287.566208  46.387310     4.311     4.347  9 57046.66478525 40.213
 242 287.568258  46.388241     4.330     4.339 10 57056.58042791 46.935
 243 287.569723  46.387382     4.502     4.402  9 57066.49606548 45.984
 244 287.569096  46.388622     4.720     4.793  9 57076.41169797 41.871
 245 287.572231  46.388912     4.013     4.019 10 57086.32732782 45.758
 246 287.570306  46.388401     3.598     3.547  9 57096.24298610 41.237
 247 287.569503  46.388686     3.949     3.963 10 57106.15864195 45.700
 248 287.570186  46.388226     3.488     3.461 10 57116.07429334 48.255
 249 287.568379  46.388559     5.314     4.348  9 57125.98993813 41.269
 250 287.567643  46.387095     9.841    10.038  9 57135.90557808 27.922
 251 287.567463  46.387688     4.297     4.179  9 57145.82121365 31.587
 252 287.570434  46.388422    11.429    11.746 10 57155.73684718 25.706
 253 287.572191  46.389210     7.926     7.580 10 57165.65248848 25.355
 254 287.569989  46.388228     9.276     9.288 10 57175.56814532 26.459
 255 287.566671  46.387432     5.285     4.237  9 57185.48379822 26.505
 256 287.563065  46.387102     3.513     3.461  8 57195.39944685 25.563
 257 287.561216  46.386986     6.047     3.829  9 57205.31508174 26.566
 258 287.562850  46.386942     3.479     3.366  8 57215.23072696 26.998
 259 287.565869  46.388018     3.795     3.771  9 57225.14637061 33.513
 260 287.569067  46.388269     4.673     3.503  9 57235.06201248 27.058
 261 287.570272  46.388115     3.795     3.871  9 57244.97765091 33.588
 262 287.569920  46.388399     3.525     3.629  9 57254.89328664 29.144
 263 287.570928  46.389184     3.451     3.205 10 57264.80892125 27.478
 264 287.573182  46.389938     3.782     3.754  9 57274.72456240 26.581
 265 287.573651  46.388923     3.170     3.236  9 57284.64022000 29.747
 266 287.571248  46.389483     2.927     3.034  9 57294.55587427 28.624
 267 287.568672  46.388353     4.364     3.595  9 57304.47152516 27.290
 268 287.565036  46.387530     3.906     3.907  8 57314.38717197 28.192
 269 287.562758  46.386969     9.113     9.433  9 57324.30281547 28.461
 270 287.563209  46.387231     8.373     9.090  9 57334.21845702 27.028
 271 287.566596  46.387141     3.667     3.724  9 57344.13409688 34.081
 272 287.564200  46.387009    10.444    10.467  9 57354.04975006 27.262
 273 287.563883  46.386958     4.032     4.182  9 57363.96539374 46.468
 274 287.567285  46.383056     6.012     5.037  4 57373.88103519 26.740
 275 287.564399  46.387658     8.640     8.472  9 57383.79667292 23.545
 276 287.567342  46.388274     9.427     3.893  9 57393.71231167 39.175
 277 287.571894  46.388856     4.268     4.401 10 57403.62794973 40.710
 278 287.572635  46.389411     4.439     4.418 10 57413.54359553 48.131
 279 287.570749  46.388101     4.017     3.981  9 57423.45924745 42.392
 280 287.567863  46.387093     4.296     4.337  9 57433.37489627 46.138
 281 287.565482  46.387831     5.166     5.243  9 57443.29054283 34.896
 282 287.566541  46.387973     4.925     4.980  9 57453.20618900 49.214
 283 287.569330  46.387515     5.684     5.781  9 57463.12183367 47.327
 284 287.570559  46.388834     9.787    11.351 10 57473.03747426 24.264
 285 287.571488  46.388838     5.786     5.715  9 57482.95311134 41.747
 286 287.575140  46.384897     5.460     5.157  6 57492.86874644 32.111
 287 287.573019  46.389603    11.701    11.251 10 57502.78437761 27.526
 288 287.570960  46.389234     9.268     9.165  9 57512.70002915 24.090
 289 287.569557  46.387693     9.614     9.497 10 57522.61568459 25.790
 290 287.567504  46.387034     6.900     4.785  9 57532.53133743 24.638
 291 287.563826  46.388033    10.534    10.489  9 57542.44698654 23.145
 292 287.563215  46.387066    10.602    10.881  8 57552.36263333 22.703
 293 287.563738  46.386887     4.611     4.636  9 57562.27827838 42.270
 294 287.564574  46.387719     3.710     3.719  9 57572.19392273 31.069
 295 287.566001  46.388002     3.911     3.978  9 57582.10956709 37.574
 296 287.567587  46.387919    10.534    12.862 10 57592.02520971 33.936
 297 287.568132  46.388170     2.978     2.866 10 57601.94084961 31.967
