#   43.028  -0.902   1.333 ;Mean Elev.(m), Avg Gradient(m/km), RMS Gradient(m/km) - SRTM1     
#   38.156  -1.417   4.010 ;Mean Elev.(m), Avg Gradient(m/km), RMS Gradient(m/km) - ASTER GDEM
#   43.079  -0.883   1.337 ;Mean Elev.(m), Avg Gradient(m/km), RMS Gradient(m/km) - GMTED2010 
   1 285.803132  45.235180    47.462    47.306 12 54663.94386475 16.633
   2 285.809651  45.227307    47.042    46.798 25 54673.85951148 19.501
   3 285.809851  45.227956    -8.232    -7.203 25 54683.77515481  7.199
   4 285.811753  45.228589    46.538    46.509 24 54693.69079704 27.945
   5 285.813581  45.229260    -3.060    -3.279 24 54703.60643683  7.873
   6 285.810753  45.228705    47.278    46.824 25 54713.52208680 18.406
   7 285.807020  45.227308    12.040    13.229 26 54723.43773756 12.513
   8 285.803304  45.225825    46.605    46.322 25 54733.35338584 22.995
   9 285.801962  45.224978    47.205    46.657 25 54743.26903261 16.364
  10 285.802722  45.224469    45.915    45.903 26 54753.18467911 25.331
  11 285.802438  45.225521    44.460    43.678 26 54763.10032469 29.857
  12 285.801961  45.225496    46.058    46.187 26 54773.01596790 23.116
  13 285.802278  45.224552    46.592    46.577 26 54782.93160863 33.253
  14 285.803014  45.225214    46.928    46.698 26 54792.84724694 16.962
  15 285.806218  45.226185    47.004    46.608 26 54802.76288459 20.404
  16 285.808870  45.228149    45.648    46.045 25 54812.67852191 24.289
  17 285.810922  45.227353    46.455    46.420 25 54822.59416527 37.422
  18 285.807132  45.227856    46.576    46.554 26 54832.50980550 36.897
  19 285.805082  45.226464    46.377    46.361 26 54842.42545595 26.048
  20 285.803884  45.226028    46.484    46.485 26 54852.34110496 23.996
  21 285.804108  45.226110    46.370    46.382 25 54862.25675355 21.208
  22 285.804591  45.225867    46.764    46.610 25 54872.17240207 20.079
  23 285.803439  45.226109    46.708    46.700 25 54882.08804842 29.489
  24 285.802460  45.224533    46.743    46.771 25 54892.00369182 35.018
  25 285.799958  45.223937    46.644    46.625 26 54901.91933215 44.747
  26 285.799814  45.223448    46.846    46.804 25 54911.83497127 46.293
  27 285.801278  45.224291    46.622    46.385 26 54921.75060940 25.581
  28 285.803851  45.225881    46.933    46.573 25 54931.66624690 22.293
  29 285.805775  45.227583    47.085    46.852 26 54941.58188280 19.746
  30 285.808244  45.226884    46.797    46.388 26 54951.49751745 25.536
  31 285.806102  45.227286    47.086    46.917 26 54961.41315882 22.772
  32 285.805110  45.226310    43.540    43.385 25 54971.32880758 30.852
  33 285.805699  45.226724    47.035    46.587 25 54981.24445490 19.525
  34 285.807008  45.227213    45.726    45.740 25 54991.16010187 25.878
  35 285.805954  45.227935    46.825    46.865 26 55001.07574817 20.974
  36 285.805315  45.227110    46.880    46.537 26 55010.99139305 21.415
  37 285.805326  45.225977    46.746    46.446 26 55020.90703660 22.477
  38 285.805865  45.226369    47.087    46.664 25 55030.82267897 17.554
  39 285.807360  45.227100    47.586    46.727 26 55040.73832080 17.652
  40 285.809923  45.228083    47.020    46.494 25 55050.65396136 19.747
  41 285.810539  45.228876    47.245    46.637 25 55060.56959964 19.995
  42 285.808336  45.228127    46.798    46.533 26 55070.48524110 21.020
  43 285.804275  45.225923    46.471    46.227 26 55080.40089039 22.090
  44 285.801961  45.224472    47.132    46.693 25 55090.31653771 17.459
  45 285.801481  45.224906    45.958    46.043 26 55100.23218376 25.152
  46 285.803488  45.224879    47.180    46.724 26 55110.14782956 18.030
  47 285.803889  45.225752    45.653    45.788 25 55120.06347338 26.049
  48 285.802735  45.225754    46.776    46.488 26 55129.97911463 20.906
  49 285.801338  45.224931    46.908    46.540 26 55139.89475410 19.156
  50 285.802329  45.224484    46.784    46.549 26 55149.81039288 20.202
  51 285.805154  45.226468    46.877    46.483 25 55159.72603136 20.886
  52 285.809074  45.228232    47.015    47.023 26 55169.64166969 22.047
  53 285.811788  45.229096    45.888    46.183 24 55179.55730694 33.388
  54 285.809737  45.228106    46.477    46.562 25 55189.47295393 33.982
  55 285.806482  45.226631    46.408    46.600 26 55199.38860460 36.140
  56 285.804422  45.226611    46.301    46.289 26 55209.30425416 31.096
  57 285.805279  45.226412    46.364    46.381 26 55219.21990340 30.082
  58 285.805234  45.226239    46.554    46.533 25 55229.13555161 28.778
  59 285.804058  45.225952    46.647    46.629 25 55239.05119660 28.134
  60 285.801833  45.224860    46.576    46.554 26 55248.96683806 25.486
  61 285.799398  45.224253    46.651    46.629 25 55258.88247720 32.306
  62 285.799682  45.224062    46.088    46.224 26 55268.79811595 24.757
  63 285.802555  45.224411    46.198    46.291 25 55278.71375472 23.747
  64 285.804510  45.227190    46.758    46.483 26 55288.62939173 28.860
  65 285.808127  45.227625    46.808    46.331 26 55298.54502692 21.754
  66 285.806579  45.227202    46.010    45.959 25 55308.46067026 26.278
  67 285.803493  45.225974    46.676    46.655 25 55318.37631650 49.743
  68 285.802608  45.224910    46.825    46.372 25 55328.29196166 19.717
  69 285.803520  45.226052    45.032    45.705 26 55338.20760582 30.311
  70 285.806126  45.227051    46.971    47.001 26 55348.12324969 42.400
  71 285.807728  45.227658    44.838    44.163 26 55358.03889176 31.613
  72 285.807058  45.228161    47.370    47.057 26 55367.95453160 17.874
  73 285.807419  45.227343    47.439    47.026 26 55377.87017041 18.250
  74 285.808252  45.228067    47.689    46.792 25 55387.78580833 19.552
  75 285.811437  45.228135    46.441    46.433 25 55397.70144577 27.691
  76 285.812161  45.229028    46.835    46.475 24 55407.61708969 21.143
  77 285.809152  45.228197    47.195    46.940 25 55417.53274077 18.729
  78 285.805103  45.226510    47.159    46.768 25 55427.44838843 19.745
  79 285.801759  45.225519    47.173    46.975 26 55437.36403318 18.724
  80 285.801441  45.224602    45.859    46.068 26 55447.27967668 28.381
  81 285.802829  45.224835    47.012    46.542 25 55457.19531965 20.741
  82 285.804691  45.225742    46.308    46.422 25 55467.11096182 23.700
  83 285.805978  45.226670    46.968    46.888 26 55477.02660071 21.712
  84 285.806978  45.226562    46.966    46.652 26 55486.94223664 21.091
  85 285.806717  45.227143    47.376    46.968 26 55496.85787027 20.461
  86 285.807521  45.227789    47.016    46.756 25 55506.77350654 20.526
  87 285.806903  45.227696    46.324    46.438 26 55516.68915720 41.839
  88 285.807642  45.228131    47.118    47.082 26 55526.60480703 20.802
  89 285.807834  45.227820    46.896    46.833 26 55536.52045493 18.092
  90 285.807341  45.226571    43.780    43.654 26 55546.43610069 35.827
  91 285.805208  45.226744    46.223    46.461 26 55556.35174410 41.744
  92 285.805153  45.226457    46.374    46.595 25 55566.26738676 44.829
  93 285.806162  45.227105    46.616    46.618 25 55576.18302859 49.272
  94 285.806406  45.228182    46.497    46.558 26 55586.09866840 28.733
  95 285.807048  45.228203    46.310    46.355 26 55596.01430523 21.320
  96 285.807523  45.227793    46.775    46.445 26 55605.92993907 18.653
  97 285.808529  45.227984    46.604    46.626 26 55615.84557096 29.174
  98 285.808668  45.228363    46.780    46.769 25 55625.76121270 52.971
  99 285.807178  45.228138    46.994    46.583 26 55635.67686502 29.469
 100 285.806629  45.227375    46.315    46.501 26 55645.59251542 23.629
 101 285.805524  45.226596    46.041    46.096 25 55655.50816300 25.652
 102 285.804738  45.225783    46.863    46.653 26 55665.42380601 24.600
 103 285.804261  45.225676    47.180    46.715 26 55675.33944577 21.190
 104 285.805670  45.225922    46.551    46.587 26 55685.25508374 26.224
 105 285.808217  45.227337    46.626    46.601 26 55695.17072035 23.576
 106 285.811779  45.228919    47.054    46.683 24 55705.08635569 20.483
 107 285.812194  45.228312    45.688    45.939 25 55715.00200319 24.435
 108 285.810165  45.227502    47.216    46.618 25 55724.91765190 17.849
 109 285.808225  45.227086    46.538    46.412 26 55734.83329879 24.509
 110 285.807225  45.227062    47.333    46.740 26 55744.74894453 18.190
 111 285.807119  45.226791    47.192    46.813 26 55754.66458889 18.599
 112 285.806513  45.227385    47.283    47.070 25 55764.58023074 17.212
 113 285.806173  45.227055    47.345    47.042 26 55774.49586996 17.561
 114 285.805667  45.226931    47.689    46.979 25 55784.41150581 18.173
 115 285.807310  45.227511    44.013    43.076 25 55794.32713924 26.547
 116 285.810458  45.227676    46.851    46.263 26 55804.24277645 20.957
 117 285.809466  45.228523    43.582    42.930 25 55814.15842543 26.296
 118 285.809062  45.227771    45.232    44.321 25 55824.07407260 26.306
 119 285.807907  45.227643    46.935    46.708 25 55833.98971492 21.444
 120 285.808112  45.227101    47.259    46.796 26 55843.90535357 18.496
 121 285.809414  45.227960    47.095    46.756 25 55853.82098926 18.074
 122 285.811249  45.229263    46.931    46.542 25 55863.73662667 20.210
 123 285.810346  45.228110    47.258    46.859 26 55873.65228078 18.865
 124 285.809651  45.228336    47.195    46.959 26 55883.56792945 17.195
 125 285.810370  45.227629    47.115    46.790 25 55893.48357213 19.932
 126 285.811619  45.228027    47.041    46.651 25 55903.39920908 18.822
 127 285.812004  45.229213    45.695    46.218 24 55913.31484672 27.740
 128 285.809526  45.227898    46.429    46.583 25 55923.23050078 24.374
 129 285.807366  45.227640    46.220    46.479 26 55933.14615162 39.102
 130 285.805876  45.226390    46.648    46.640 26 55943.06179831 45.680
 131 285.803916  45.225566    46.690    46.632 25 55952.97744058 33.465
 132 285.803143  45.225105    46.668    46.671 25 55962.89307982 30.950
 133 285.803517  45.226502    46.840    46.809 26 55972.80871709 50.295
 134 285.807836  45.227071    46.474    46.330 26 55982.72435378 24.250
 135 285.811712  45.228609    46.737    46.741 25 55992.63998853 47.923
 136 285.809978  45.228132    46.707    46.700 26 56002.55563716 26.627
 137 285.806084  45.226541    46.847    46.800 26 56012.47128702 19.844
 138 285.803980  45.224907    46.893    46.670 26 56022.38693342 18.496
 139 285.803182  45.225878    47.018    46.671 25 56032.30257650 18.728
 140 285.805841  45.226934    47.379    47.035 26 56042.21821766 20.894
 141 285.808775  45.228130    46.876    46.711 26 56052.13385628 21.465
 142 285.811361  45.228885    46.473    46.461 25 56062.04949201 34.119
 143 285.812303  45.228200    47.255    46.891 25 56071.96513157 17.828
 144 285.808814  45.227594    47.296    46.690 26 56081.88078165 23.054
 145 285.807308  45.227326    47.175    46.474 26 56091.79642943 19.564
 146 285.807708  45.227554    47.092    46.535 26 56101.71207507 19.941
 147 285.807867  45.227549    46.325    46.298 26 56111.62770651 31.356
 148 285.808085  45.226715    47.462    47.215 26 56121.54334620 16.854
 149 285.806839  45.227514    47.183    46.699 25 56131.45898167 19.370
 150 285.807656  45.226824    47.722    46.981 26 56141.37461711 19.315
 151 285.805630  45.226782    45.614    45.874 26 56151.29026770 32.592
 152 285.806274  45.227308    46.796    46.479 26 56161.20591652 21.884
 153 285.807474  45.227600    45.881    46.008 26 56171.12156362 25.320
 154 285.807851  45.226851    42.575    41.869 26 56181.03720658 29.789
 155 285.806467  45.226415    46.513    46.736 26 56190.95284548 23.427
 156 285.805495  45.226709    44.920    45.774 25 56200.86848162 27.149
 157 285.808362  45.227810    47.125    46.818 25 56210.78411589 19.514
 158 285.813239  45.229977    47.543    47.101 23 56220.69974840 17.550
 159 285.813547  45.230346    47.335    46.953 24 56230.61539969 17.967
 160 285.812322  45.228528    47.236    46.958 24 56240.53105320 15.751
 161 285.809127  45.227631    45.753    46.036 26 56250.44670229 26.656
 162 285.806365  45.227966    47.037    46.870 26 56260.36234633 16.183
 163 285.807059  45.227666    47.396    46.905 25 56270.27798818 18.064
 164 285.808623  45.228024    46.019    46.215 25 56280.19362816 23.131
 165 285.807872  45.226936    45.888    46.280 26 56290.10927973 30.020
 166 285.805295  45.226257    46.718    46.719 25 56300.02492755 40.125
 167 285.803093  45.224778    44.801    45.883 26 56309.94057155 32.323
 168 285.801671  45.224406    46.494    46.551 25 56319.85621327 36.700
 169 285.802720  45.225095    46.553    46.548 25 56329.77185438 32.977
 170 285.806049  45.226271    46.473    46.457 26 56339.68749498 24.243
 171 285.809932  45.227328    46.926    46.550 25 56349.60313353 22.818
 172 285.811374  45.227661    44.212    44.369 25 56359.51877032 29.222
 173 285.806166  45.226533    46.546    46.537 26 56369.43442062 28.505
 175 285.802721  45.225392    46.697    46.513 26 56389.26571331 19.911
 176 285.805414  45.227184    46.798    46.640 26 56399.18135638 23.854
 177 285.809246  45.227879    46.755    46.722 25 56409.09699716 56.229
 178 285.811561  45.228367    46.585    46.572 24 56419.01263339 36.827
 179 285.812504  45.228642    47.271    46.875 24 56428.92826720 16.565
 180 285.807536  45.227450    46.746    46.381 25 56438.84392054 26.774
 181 285.805267  45.226359    47.306    47.077 26 56448.75957172 18.553
 182 285.805385  45.225901    47.011    46.950 26 56458.67522090 20.584
 183 285.804618  45.226156    47.257    47.060 26 56468.59086661 18.946
 184 285.804623  45.225393    47.189    46.769 26 56478.50650853 19.232
 185 285.803714  45.225849    47.196    46.806 25 56488.42214620 18.583
 186 285.804625  45.226546    44.978    44.251 26 56498.33778129 29.465
 187 285.807206  45.228398    47.320    47.110 26 56508.25341493 19.352
 188 285.811225  45.229084    45.701    45.843 25 56518.16905356 27.152
 189 285.810515  45.228439    44.110    43.321 25 56528.08470740 25.611
 190 285.809136  45.227810    47.387    46.803 26 56538.00035696 21.668
 191 285.805899  45.227467    47.404    47.023 26 56547.91600237 21.483
 192 285.805170  45.225466    47.346    46.796 26 56557.83164588 20.473
 193 285.805444  45.226095    47.190    46.894 26 56567.74728830 18.223
 194 285.807741  45.228154    46.984    46.540 26 56577.66292943 20.999
 195 285.812592  45.228781    47.305    46.964 24 56587.57856753 19.143
 196 285.813707  45.229251    47.122    47.126 24 56597.49420904 21.381
 197 285.809505  45.227983    47.374    47.034 26 56607.40986065 21.082
 198 285.806696  45.226990    46.548    46.665 26 56617.32550726 21.954
 199 285.805951  45.227130    45.527    45.669 25 56627.24115033 34.289
 200 285.806907  45.227988    46.937    46.732 26 56637.15679055 15.876
 201 285.808325  45.228144    46.777    46.745 25 56647.07243203 31.095
 202 285.805600  45.226843    46.578    46.537 25 56656.98808390 29.201
 203 285.803357  45.225477    46.658    46.638 25 56666.90373158 28.732
 204 285.802392  45.225404    46.703    46.708 25 56676.81937675 38.418
 205 285.803943  45.225190    46.653    46.654 26 56686.73502119 30.236
 206 285.805722  45.226419    46.525    46.495 25 56696.65066345 23.886
 207 285.807874  45.227996    46.372    46.352 26 56706.56630110 20.154
 208 285.809731  45.228589    46.389    46.242 25 56716.48193550 18.216
 209 285.805915  45.226679    46.569    46.293 26 56726.39758894 18.298
 210 285.803941  45.225282    46.745    46.628 25 56736.31323829 37.590
 211 285.804629  45.225176    46.677    46.673 26 56746.22888407 49.622
 212 285.805910  45.227996    46.997    46.855 26 56756.14452499 28.071
 213 285.810842  45.228117    46.530    46.585 26 56766.06016098 42.972
 214 285.810362  45.229383    47.067    46.710 25 56775.97580108 21.822
 215 285.807152  45.226337    46.987    46.670 26 56785.89145780 20.511
 216 285.802882  45.225610    46.881    46.773 25 56795.80711053 20.458
 217 285.801798  45.224290    47.158    46.752 25 56805.72275943 16.934
 218 285.802174  45.225031    47.528    47.054 25 56815.63840150 17.726
 219 285.803347  45.225273    47.212    46.770 26 56825.55404026 20.797
 220 285.804006  45.226671    46.656    46.542 26 56835.46967510 34.716
 221 285.807160  45.227153    47.043    46.618 26 56845.38530691 21.430
 222 285.806406  45.227781    47.282    47.104 26 56855.30095322 18.694
 223 285.805366  45.227434    47.163    46.921 26 56865.21660648 20.787
 224 285.805572  45.225543    45.225    45.920 26 56875.13225921 24.258
 225 285.803447  45.226151    47.409    46.925 26 56885.04790814 19.351
 226 285.803120  45.224815    47.169    46.776 26 56894.96355461 25.215
 227 285.801831  45.225318    47.254    46.852 25 56904.87919762 17.971
 228 285.802690  45.225069    47.122    46.654 25 56914.79483903 18.510
 229 285.805124  45.225911    46.234    46.154 25 56924.71047873 23.207
 230 285.808484  45.227401    46.804    46.577 26 56934.62611564 23.682
 231 285.811739  45.229565    45.547    45.468 24 56944.54174717 27.915
 232 285.810782  45.227832    45.596    45.982 25 56954.45739656 24.502
 233 285.806975  45.227237    46.983    46.851 26 56964.37304629 17.965
 234 285.805738  45.226701    47.156    47.102 26 56974.28869140 17.933
 235 285.806851  45.227047    47.584    46.947 26 56984.20433207 20.393
 236 285.808947  45.228369    45.509    45.573 26 56994.11996758 26.455
 237 285.810619  45.227798    46.466    46.441 26 57004.03560618 18.750
 238 285.805811  45.226508    45.924    46.148 25 57013.95126186 21.347
 239 285.803572  45.225315    45.313    45.724 25 57023.86691289 25.982
 240 285.803269  45.226231    46.515    46.583 26 57033.78256145 31.521
 241 285.805521  45.226287    46.358    46.465 26 57043.69820813 26.151
 242 285.806205  45.227250    46.301    46.386 25 57053.61385200 23.596
 243 285.807319  45.226406    46.128    46.182 26 57063.52949165 19.769
 244 285.807965  45.226812    46.076    46.129 26 57073.44512593 18.289
 245 285.810893  45.227870    46.343    46.230 26 57083.36075645 18.781
 246 285.811354  45.227504    46.265    46.335 25 57093.27640576 25.531
 247 285.809868  45.227289    46.669    46.610 25 57103.19206245 24.900
 248 285.808410  45.227559    46.722    46.682 26 57113.10771517 30.287
 249 285.806916  45.227563    46.543    46.627 26 57123.02336189 33.547
 250 285.805992  45.226600    46.865    46.688 25 57132.93900347 22.017
 251 285.805820  45.227696    47.173    47.072 26 57142.85464015 19.910
 252 285.809417  45.227543    47.239    46.823 25 57152.77027465 18.098
 253 285.812713  45.229035    47.303    46.989 24 57162.68590766 16.914
 254 285.810198  45.227319    47.230    46.955 25 57172.60156517 15.904
 255 285.805994  45.226752    46.720    46.739 26 57182.51721925 48.165
 256 285.803330  45.224905    43.503    42.818 26 57192.43286978 24.869
 257 285.801645  45.224893    45.696    45.880 26 57202.34851721 24.120
 258 285.803372  45.224982    46.842    46.478 26 57212.26415122 26.102
 259 285.806411  45.225936    46.765    46.770 26 57222.17979483 46.297
 260 285.807084  45.227932    47.618    46.623 26 57232.09543651 22.272
 261 285.808055  45.227330    46.323    46.209 26 57242.01107607 26.063
 262 285.807179  45.228181    47.428    47.155 26 57251.92671269 17.647
 263 285.810051  45.227522    47.402    46.874 25 57261.84234828 16.221
 264 285.813243  45.229673    47.288    46.640 24 57271.75798238 17.697
 265 285.812397  45.229784    47.491    46.910 24 57281.67363951 16.800
 266 285.811272  45.228886    46.954    46.478 25 57291.58929484 20.272
 267 285.808667  45.227123    46.281    46.332 26 57301.50494701 29.380
 268 285.804257  45.226853    47.542    47.031 26 57311.42059494 19.049
 269 285.802401  45.225508    46.549    46.111 25 57321.33623985 20.939
 270 285.803498  45.224826    46.645    46.361 26 57331.25188234 22.075
 271 285.805336  45.226655    47.224    46.746 25 57341.16752227 18.935
 272 285.804532  45.226204    45.312    45.527 25 57351.08317293 30.456
 273 285.803463  45.225879    47.209    46.874 26 57360.99881748 18.357
 274 285.802372  45.225108    47.165    46.893 26 57370.91445901 18.258
 275 285.802571  45.225606    46.981    46.841 26 57380.83009849 20.364
 276 285.805928  45.226900    47.072    46.656 25 57390.74573743 15.477
 277 285.811752  45.227480    45.961    46.232 25 57400.66137584 19.301
 278 285.812859  45.229890    46.596    46.576 23 57410.57701593 39.540
 279 285.809542  45.228402    46.638    46.625 25 57420.49266847 39.991
 280 285.805734  45.226969    46.594    46.616 26 57430.40831827 39.035
 281 285.804147  45.226343    46.675    46.666 25 57440.32396591 31.004
 282 285.805785  45.226740    46.560    46.542 25 57450.23961253 25.597
 283 285.807358  45.228200    46.744    46.681 26 57460.15525742 36.718
 284 285.810300  45.227677    46.848    46.690 26 57470.07089948 21.799
 285 285.810453  45.227977    47.050    46.781 26 57479.98653714 25.097
 286 285.809223  45.228508    46.559    46.546 25 57489.90217165 39.266
 287 285.811102  45.227974    46.687    46.709 26 57499.81780480 48.829
 288 285.812056  45.227259    46.761    46.600 25 57509.73344975 20.946
 289 285.808582  45.228198    47.170    46.721 25 57519.64910533 21.112
 290 285.807255  45.227682    46.886    46.534 26 57529.56475866 26.364
 291 285.805716  45.226235    47.381    46.942 25 57539.48040893 16.276
 292 285.802980  45.225777    45.884    46.021 25 57549.39605608 22.657
 293 285.802605  45.224387    47.167    46.891 26 57559.31170207 18.889
 294 285.803721  45.224927    47.188    46.895 26 57569.22734702 20.322
 295 285.805307  45.226946    47.143    46.971 26 57579.14299122 20.189
 296 285.807462  45.227805    46.806    46.323 25 57589.05863412 20.738
 297 285.807975  45.227598    47.120    46.354 25 57598.97427443 18.512
