#    1.380  -2.291   8.896 ;Mean Elev.(m), Avg Gradient(m/km), RMS Gradient(m/km) - SRTM1     
#    3.876  -1.962   9.761 ;Mean Elev.(m), Avg Gradient(m/km), RMS Gradient(m/km) - ASTER GDEM
#    1.005  -2.581   8.556 ;Mean Elev.(m), Avg Gradient(m/km), RMS Gradient(m/km) - GMTED2010 
   1 288.151354  46.670792    66.024    68.972  3 54662.59995296 17.655
   2 288.154588  46.677393    71.566    73.700 10 54672.51559952 15.908
   3 288.151174  46.676745   -16.667   -16.646 10 54682.43124258 17.533
   4 288.152923  46.677846    72.423    73.701 10 54692.34688513 13.495
   5 288.156520  46.677039   -16.351   -16.342 10 54702.26252505 22.019
   6 288.159444  46.677345    59.696    65.969  9 54712.17817342 16.230
   7 288.159136  46.677484    -1.003     0.897  9 54722.09382429 24.298
   8 288.155694  46.677373    52.193    47.850 10 54732.00947247 19.553
   9 288.151280  46.677474    71.281    72.142 10 54741.92511916 14.772
  10 288.148487  46.676762    68.455    70.863 10 54751.84076580 15.740
  11 288.149259  46.677001    70.545    71.258 11 54761.75641275 16.895
  12 288.151884  46.676790    68.767    71.686 10 54771.67205736 18.004
  13 288.154327  46.676711    70.180    71.763 10 54781.58769883 18.171
  14 288.155729  46.676661    65.968    65.255 10 54791.50333752 12.581
  15 288.155538  46.676444    61.633    61.801 10 54801.41897473  9.869
  16 288.157066  46.677405    49.149    48.391  9 54811.33461220 24.070
  17 288.157113  46.676552    53.454    49.960  9 54821.25025269 19.641
  18 288.155821  46.676810    56.113    58.153 10 54831.16590461 20.308
  19 288.152180  46.676299    54.619    50.524 10 54841.08154280 14.619
  20 288.147792  46.676942    54.613    56.436 11 54850.99719151 20.405
  21 288.143654  46.677330    52.519    52.363 11 54860.91283993 19.135
  22 288.139536  46.675119    60.632    61.787 13 54870.82848801 14.420
  23 288.143882  46.677219    56.900    57.267 12 54880.74413624 14.627
  24 288.149042  46.677572    56.967    53.851 11 54890.65978095 17.798
  25 288.150966  46.676791    52.968    50.991 10 54900.57542205 24.037
  26 288.149563  46.676653    64.719    63.867 10 54910.49106081 22.776
  27 288.147866  46.677083    56.152    53.291 11 54920.40669827 20.885
  28 288.149428  46.677507    71.768    72.989 11 54930.32233551 16.412
  29 288.155577  46.677978    74.149    74.271 10 54940.23797197 17.868
  30 288.163104  46.678530    73.879    73.941  8 54950.15360698 18.908
  31 288.164516  46.676825    74.143    74.343  7 54960.06924586 16.195
  32 288.162827  46.678688    72.297    74.383  8 54969.98489460 17.459
  33 288.156813  46.676711    65.947    71.408  9 54979.90054124 15.631
  34 288.153713  46.676599    70.829    71.918 10 54989.81618832 11.729
  35 288.153848  46.677777    69.769    72.233 10 54999.73183592 12.707
  36 288.152668  46.677084    69.307    71.528 10 55009.64748123 13.178
  37 288.151728  46.676415    69.687    70.999 10 55019.56312479 17.870
  38 288.150244  46.676855    67.565    67.991 11 55029.47876711 18.610
  39 288.149174  46.677656    70.433    72.189 11 55039.39440882 14.705
  40 288.149412  46.676611    66.886    68.218 10 55049.31004895 14.071
  41 288.154942  46.677131    62.261    70.851 10 55059.22568775 13.664
  42 288.162030  46.679053    66.099    66.293  7 55069.14132820  8.750
  43 288.162083  46.679072    54.828    53.624  8 55079.05697784 12.903
  44 288.155728  46.676463    59.728    60.136 10 55088.97262449 14.513
  45 288.151261  46.677220    65.949    67.651 11 55098.88827072 12.038
  46 288.148503  46.677276    69.563    71.640 11 55108.80391654 15.158
  47 288.149512  46.676487    66.826    71.125 10 55118.71956142 15.731
  48 288.155220  46.678035    68.320    68.183 10 55128.63520471 19.557
  49 288.157075  46.677049    70.154    72.487 10 55138.55084500 15.839
  50 288.157228  46.677491    61.413    61.662 10 55148.46648376 14.520
  51 288.155106  46.676894    71.348    72.279 10 55158.38212145 14.652
  52 288.154713  46.676826    72.678    73.033 10 55168.29775910 13.695
  53 288.156903  46.677130    63.278    62.997 10 55178.21339628 24.560
  54 288.157871  46.677457    51.099    50.471 10 55188.12904121 21.300
  55 288.154084  46.676842    54.981    52.579 10 55198.04469146 22.575
  56 288.149532  46.676797    52.806    51.143 11 55207.96034091 20.416
  57 288.145857  46.676700    50.782    48.801 11 55217.87598997 19.618
  58 288.145940  46.677962    50.709    48.727 11 55227.79163898 20.185
  59 288.147477  46.677420    55.461    56.835 10 55237.70728486 19.257
  60 288.151471  46.677585    61.581    64.806 10 55247.62292754 11.200
  61 288.153551  46.677755    51.582    51.766 10 55257.53856742 23.747
  62 288.152334  46.677179    71.458    71.609 11 55267.45420581  5.786
  63 288.151006  46.677406    73.239    73.388 11 55277.36984370 12.387
  64 288.152936  46.677913    72.062    73.216 10 55287.28548073 18.010
  65 288.157225  46.676971    70.331    73.194  9 55297.20111541 18.259
  66 288.162764  46.678683    74.661    74.772  7 55307.11675732 16.429
  67 288.162491  46.678843    74.707    74.593  7 55317.03240376 16.444
  68 288.158344  46.677455    69.583    73.361  9 55326.94804854 17.224
  69 288.154618  46.677113    69.813    72.674 10 55336.86369273 14.319
  70 288.152787  46.677361    69.870    71.426 10 55346.77933676 11.682
  71 288.153376  46.678151    71.431    72.295 10 55356.69497967 12.723
  72 288.152762  46.676962    66.079    70.726 10 55366.61062001 13.990
  73 288.153063  46.676336    67.368    70.296 10 55376.52625898 15.618
  74 288.154745  46.677147    64.988    67.292  9 55386.44189729 11.805
  75 288.156369  46.677381    62.924    66.214 10 55396.35753451 13.054
  76 288.157597  46.676657    53.941    52.911 10 55406.27317584 15.930
  77 288.157283  46.676899    53.689    54.457 10 55416.18882690 13.032
  78 288.157320  46.676676    49.358    48.926  9 55426.10447464 18.434
  79 288.157821  46.677583    52.824    57.428  9 55436.02012010 13.064
  80 288.155378  46.677186    52.508    53.291 10 55445.93576392 12.539
  81 288.152453  46.676680    65.052    70.036 10 55455.85140711 11.676
  82 288.152290  46.677217    69.724    71.938 11 55465.76705006 11.867
  83 288.155153  46.677216    71.060    73.466  9 55475.68269017 13.646
  84 288.159336  46.676941    70.574    72.514 10 55485.59832718 19.777
  85 288.163237  46.677739    73.965    73.874  7 55495.51396211 15.672
  86 288.163813  46.677952    74.123    74.206  7 55505.42959632 15.021
  87 288.157741  46.676990    70.124    72.451  9 55515.34524596 16.831
  88 288.155244  46.677845    73.718    73.656 10 55525.26089533 12.072
  89 288.152414  46.676782    73.417    73.182 10 55535.17654238 12.536
  90 288.151206  46.676680    50.194    48.460 10 55545.09218781 23.624
  91 288.149820  46.676926    53.054    49.681 10 55555.00783152 20.677
  92 288.148795  46.677382    58.018    52.532 11 55564.92347452 12.728
  93 288.149290  46.676726    51.540    50.512 10 55574.83911691 16.992
  94 288.152420  46.676449    53.471    50.600 10 55584.75475807 14.676
  95 288.157884  46.677525    54.174    56.699  9 55594.67039627 17.354
  96 288.161955  46.678134    55.616    55.445  7 55604.58603089 18.434
  97 288.163363  46.677383    68.068    69.250  8 55614.50166275 18.179
  98 288.163802  46.678203    51.176    52.581  7 55624.41730164 25.054
  99 288.159241  46.677228    63.618    64.852  9 55634.33295328  9.220
 100 288.157817  46.677119    53.574    51.315  9 55644.24860313 22.459
 101 288.157731  46.676878    54.811    54.075  9 55654.16425027 13.169
 102 288.158124  46.676561    65.052    66.503  9 55664.07989302 19.042
 103 288.157611  46.676639    66.482    64.085  9 55673.99553294 23.939
 104 288.156882  46.677051    73.869    74.174 10 55683.91117153 17.702
 105 288.157105  46.677073    67.586    73.677  9 55693.82680892 16.970
 106 288.159374  46.677280    67.161    73.723  9 55703.74244510 17.138
 107 288.158676  46.676837    65.432    65.378 10 55713.65809042 19.028
 108 288.155898  46.677102    65.394    67.163 10 55723.57373946 14.204
 109 288.153395  46.677916    50.378    48.025 10 55733.48938653 23.943
 110 288.150866  46.677312    71.110    72.671 10 55743.40503197 12.405
 111 288.151664  46.677602    67.965    68.972 10 55753.32067641 10.092
 112 288.155056  46.677215    62.602    65.654 10 55763.23631867 11.078
 113 288.158901  46.676938    67.063    73.273  9 55773.15195823 16.635
 114 288.163296  46.678905    74.274    74.089  7 55783.06759488 10.217
 115 288.163083  46.678056    64.088    69.783  7 55792.98322826 18.628
 116 288.163396  46.677912    72.461    74.346  7 55802.89886337 17.155
 117 288.162154  46.679246    72.707    75.052  7 55812.81451367 14.422
 118 288.161926  46.678767    71.994    74.426  7 55822.73016200 13.009
 119 288.163412  46.678392    60.522    64.770  8 55832.64580571 12.049
 120 288.163925  46.677544    69.093    73.739  8 55842.56144478 16.733
 121 288.163565  46.677500    68.948    69.158  8 55852.47708069 18.070
 122 288.162724  46.677669    73.717    73.506  7 55862.39271513 14.638
 123 288.156422  46.676845    63.064    65.697 10 55872.30836863 14.239
 124 288.155501  46.676889    71.812    73.387 10 55882.22401787 14.690
 125 288.157070  46.677507    65.404    73.443 10 55892.13966098 14.762
 126 288.157981  46.676808    69.093    69.628  9 55902.05529819 20.572
 127 288.158574  46.676873    71.184    74.044 10 55911.97093320 17.655
 128 288.152564  46.676755    50.067    48.482 10 55921.88658726 16.157
 129 288.150602  46.676378    51.067    49.214 10 55931.80223899 15.040
 130 288.154339  46.677659    59.882    58.549 10 55941.71788742 15.827
 131 288.157325  46.677446    57.723    60.086  9 55951.63353103 13.764
 132 288.157136  46.676491    54.655    52.243  9 55961.54917044 15.875
 133 288.156338  46.677149    55.147    53.723  9 55971.46480770 16.849
 134 288.156335  46.677379    64.816    63.448 10 55981.38044359 19.573
 135 288.161910  46.679235    48.270    48.300  7 55991.29607895 23.187
 136 288.162731  46.678207    67.727    68.091  8 56001.21172456  9.384
 137 288.162369  46.677990    60.932    62.649  7 56011.12737445 24.025
 138 288.159221  46.676792    69.219    69.341  9 56021.04302021 17.075
 139 288.156117  46.677524    73.628    73.843 10 56030.95866355 17.194
 140 288.152450  46.677040    70.905    73.358 10 56040.87430474 21.467
 141 288.153487  46.678139    66.940    66.429 10 56050.78994443 16.039
 142 288.155473  46.676956    73.537    73.380  9 56060.70558112 14.272
 143 288.162268  46.679512    74.564    74.561  7 56070.62121952 17.596
 144 288.157359  46.677356    62.738    67.308  9 56080.53686946 13.988
 145 288.152887  46.676670    64.120    69.167 10 56090.45251688 11.433
 146 288.150708  46.677016    57.188    64.619 10 56100.36816218 12.894
 147 288.151576  46.676841    64.573    67.906 10 56110.28379350 21.417
 148 288.156921  46.677297    60.182    66.992  9 56120.19943378 10.972
 149 288.164116  46.678318    73.607    74.048  7 56130.11507071  8.512
 150 288.166190  46.676873    52.893    54.070  8 56140.03070381 10.393
 151 288.161552  46.678289    60.833    65.738  8 56149.94635444 13.499
 152 288.155192  46.676902    62.599    64.907 10 56159.86200293 12.245
 153 288.153665  46.676621    62.192    64.923 10 56169.77765066 10.286
 154 288.156908  46.677308    54.542    52.691 10 56179.69329541 14.054
 155 288.161784  46.679124    61.243    62.827  7 56189.60893633  8.465
 156 288.162350  46.678556    52.342    54.761  8 56199.52457323 13.612
 157 288.162140  46.678998    73.859    73.864  7 56209.44020747 12.968
 158 288.162046  46.679110    74.156    74.344  7 56219.35583977 13.499
 159 288.157503  46.677351    60.880    59.110 10 56229.27148672 16.294
 160 288.155579  46.677000    65.360    71.125  9 56239.18713994 13.036
 161 288.154854  46.676988    61.817    63.066  9 56249.10278952 13.345
 162 288.154265  46.676431    74.047    72.926 10 56259.01843427  9.907
 163 288.152874  46.676140    48.474    48.332 10 56268.93407626 22.926
 164 288.152540  46.676284    48.972    49.080 10 56278.84971678 24.477
 165 288.151526  46.677033    48.608    48.610 11 56288.76536704 23.178
 166 288.152021  46.676108    54.634    55.349 10 56298.68101585 19.519
 167 288.155216  46.676994    50.059    49.921  9 56308.59666123 22.078
 168 288.156234  46.677161    52.635    51.698  9 56318.51230358 13.277
 169 288.154702  46.677554    54.059    53.764 10 56328.42794440 17.235
 170 288.152833  46.676665    56.254    58.036 10 56338.34358391 23.114
 171 288.154982  46.676587    55.671    56.867 10 56348.25922196 18.457
 172 288.162347  46.678798    60.458    64.646  8 56358.17485810 10.677
 173 288.161878  46.679198    55.090    50.914  8 56368.09050787 20.080
 175 288.152063  46.676887    65.739    65.754 10 56387.92180019 20.181
 176 288.149989  46.677652    68.861    68.385 10 56397.83744372 18.901
 177 288.149555  46.677032    72.167    73.202 11 56407.75308482 16.960
 178 288.152441  46.676452    60.020    67.232 10 56417.66872219 22.717
 179 288.158950  46.677314    67.305    72.320 10 56427.58435538 18.737
 180 288.156076  46.677602    69.157    69.060 10 56437.50000808 17.601
 181 288.151739  46.677047    70.313    72.878 10 56447.41565886 14.882
 182 288.149002  46.676578    71.111    72.603 10 56457.33130749 13.830
 183 288.150032  46.677328    48.025    47.941 10 56467.24695342 26.176
 184 288.151765  46.676171    66.132    67.120 10 56477.16259509 10.399
 185 288.157232  46.677461    61.150    64.704 10 56487.07823391 12.042
 186 288.159757  46.677311    59.147    66.041  9 56496.99386973 15.406
 187 288.162411  46.678464    55.663    56.731  7 56506.90950464 10.236
 188 288.162853  46.677634    55.133    57.311  7 56516.82514042 11.824
 189 288.158523  46.676570    55.783    58.888  9 56526.74079457 15.898
 190 288.157856  46.676896    54.117    57.444  9 56536.65644508 15.086
 192 288.154935  46.677181    65.688    70.803 10 56556.48773526 13.425
 193 288.152203  46.676730    69.904    71.351 10 56566.40337749 11.985
 194 288.150851  46.676444    68.853    71.770 10 56576.31901846 13.818
 195 288.154183  46.677634    70.838    72.737 10 56586.23465680 13.972
 196 288.156790  46.676865    66.559    72.452 10 56596.15029538 14.565
 197 288.155140  46.677497    68.232    71.885 10 56606.06594753 15.772
 198 288.153272  46.677328    72.658    72.874 10 56615.98159478 15.048
 199 288.153321  46.677823    56.272    53.558 10 56625.89723891  8.833
 200 288.153999  46.677477    43.703    42.890 10 56635.81288025 11.932
 201 288.156647  46.677072    51.536    49.902  9 56645.72852007 20.624
 202 288.155847  46.677661    50.743    48.925 10 56655.64417283 15.878
 203 288.155658  46.677966    57.124    56.075 10 56665.55982118 15.855
 204 288.153888  46.677116    67.711    69.850 10 56675.47546633 19.985
 205 288.153338  46.677789    60.883    58.857 10 56685.39111061 14.594
 206 288.152245  46.676445    55.813    58.110 10 56695.30675241 17.508
 207 288.155674  46.676728    57.309    58.972 10 56705.22239041 16.136
 208 288.162126  46.678422    56.959    56.503  8 56715.13802352 21.511
 209 288.156447  46.676806    69.988    72.595 10 56725.05367494 12.197
 210 288.150946  46.676343    57.052    56.553 10 56734.96932421 18.084
 211 288.147596  46.676895    58.839    60.712 11 56744.88497063 19.750
 212 288.147913  46.676898    51.973    50.699 10 56754.80061306 22.629
 213 288.151701  46.676320    52.802    53.378 10 56764.71625013 24.388
 214 288.156308  46.677047    74.220    73.848 10 56774.63188776 18.619
 215 288.151317  46.676776    72.248    72.738 10 56784.54754423 16.975
 216 288.146687  46.676855    72.409    72.540 11 56794.46319701 15.844
 217 288.145042  46.677874    72.312    72.694 11 56804.37884659 12.904
 218 288.147238  46.677502    70.978    72.425 11 56814.29448899 11.649
 219 288.150919  46.676636    71.454    72.841 10 56824.21012796 13.217
 220 288.155500  46.676429    73.029    72.949 10 56834.12576321 12.142
 221 288.162349  46.679410    59.375    61.627  7 56844.04139593 10.047
 222 288.159001  46.677237    58.228    64.419  9 56853.95703867 15.233
 223 288.154210  46.676554    60.763    62.613 10 56863.87269213 11.907
 224 288.153259  46.678037    70.476    72.032 10 56873.78834578 11.157
 225 288.151761  46.677364    68.828    68.382 10 56883.70399580 21.527
 226 288.151224  46.677346    70.320    71.953 10 56893.61964269 11.939
 227 288.149545  46.677590    72.310    72.633 11 56903.53528622 12.644
 228 288.146078  46.677213    71.741    71.991 11 56913.45092734 11.209
 229 288.145476  46.677215    72.049    72.077 11 56923.36656698 12.655
 230 288.148365  46.677027    70.085    71.371 11 56933.28220442 13.604
 231 288.154837  46.676879    72.987    73.304  9 56943.19783691 13.184
 232 288.156744  46.676864    72.783    73.203 10 56953.11348269 15.851
 233 288.154179  46.677042    71.140    72.868 10 56963.02913296 14.639
 234 288.150755  46.676742    72.481    72.612 10 56972.94477841 13.821
 235 288.150682  46.677089    51.395    51.974 10 56982.86042012 14.890
 236 288.155088  46.677408    67.888    70.546 10 56992.77605763 11.531
 237 288.162535  46.678146    57.269    57.257  8 57002.69169398 16.923
 238 288.158686  46.676410    52.232    50.445  9 57012.60735048 18.353
 239 288.156172  46.676971    48.737    48.755  9 57022.52300179 24.394
 240 288.152708  46.677517    55.734    55.533 10 57032.43865010 19.193
 241 288.150192  46.676927    53.750    54.175 10 57042.35429603 17.401
 242 288.150607  46.676382    54.479    55.234 10 57052.26994001 21.053
 243 288.154465  46.676351    58.899    59.615 10 57062.18558007 15.078
 244 288.158806  46.677007    57.124    54.958 10 57072.10121502 15.926
 245 288.161977  46.678345    58.773    58.018  8 57082.01684605 14.569
 246 288.156061  46.676875    53.141    50.295 10 57091.93249051 20.962
 247 288.149013  46.676938    53.632    54.521 10 57101.84814738 20.677
 248 288.146695  46.676513    49.936    48.326 11 57111.76380117 25.317
 249 288.150173  46.677287    57.981    57.898 10 57121.67944985 15.769
 250 288.153643  46.677954    73.495    73.669 10 57131.59509280 14.740
 251 288.154011  46.676831    69.314    73.687 10 57141.51072998 16.642
 252 288.154393  46.676696    67.569    72.897 10 57151.42636398 15.891
 253 288.157925  46.677006    70.288    74.339 10 57161.34199493 17.662
 254 288.156502  46.677326    69.112    73.435 10 57171.25765055 15.188
 255 288.156634  46.676916    68.888    72.709 10 57181.17330505 15.035
 256 288.157373  46.677435    73.024    73.534  9 57191.08895590 14.247
 257 288.154892  46.677011    69.677    73.533 10 57201.00460333 10.802
 258 288.152882  46.678062    72.516    72.371 10 57210.92023758 11.586
 259 288.150842  46.677279    66.587    71.710 11 57220.83588134 12.189
 260 288.151602  46.676549    71.288    71.160 10 57230.75152416 11.860
 261 288.154716  46.676972    73.718    73.379  9 57240.66716502 15.946
 262 288.157232  46.676612    60.827    58.302 10 57250.58280288 15.484
 263 288.158599  46.677102    63.373    66.498 10 57260.49843855 16.597
 264 288.158913  46.677723    55.280    64.754  9 57270.41407273 14.673
 265 288.152545  46.676483    63.046    66.334 10 57280.32972565 16.415
 266 288.150823  46.677085    52.346    49.023 11 57290.24538083 22.723
 267 288.151129  46.676930    69.528    71.537 10 57300.16103311 13.639
 268 288.152981  46.677174    71.929    71.883 10 57310.07668204 13.910
 269 288.151467  46.676533    71.707    71.697 10 57319.99232723 12.914
 270 288.149226  46.676869    68.932    68.157 11 57329.90796987 18.226
 271 288.148545  46.677277    69.872    71.480 11 57339.82361057 18.939
 272 288.148128  46.677484    72.828    72.956 10 57349.73926066 12.810
 273 288.152049  46.677944    72.855    72.865 10 57359.65490689 15.869
 274 288.155005  46.677049    70.285    73.248 10 57369.57054953 13.690
 275 288.155872  46.676981    65.595    66.188 10 57379.48618944 10.024
 276 288.155556  46.677373    60.143    57.118  9 57389.40182787  9.160
 277 288.156071  46.677168    48.632    48.480  9 57399.31746526 22.510
 278 288.158820  46.677105    63.398    62.755 10 57409.23310304 18.599
 279 288.157239  46.676878    48.839    48.857  9 57419.14875543 24.183
 280 288.155833  46.677768    53.727    51.637 10 57429.06440555 18.888
 281 288.151243  46.676972    66.908    70.125 10 57438.98005288 15.318
 282 288.148225  46.677434    51.934    49.610 11 57448.89569949 22.150
 283 288.146414  46.676988    57.102    57.979 10 57458.81134482 19.762
 284 288.149441  46.677587    53.412    49.813 10 57468.72698781 19.980
 285 288.154911  46.677817    67.593    71.681 10 57478.64262686 13.629
 286 288.158379  46.676811    65.905    66.706  9 57488.55826229  9.228
 287 288.163204  46.678490    75.287    75.183  7 57498.47389613 15.252
 288 288.162682  46.678921    74.615    74.681  7 57508.38953720 17.386
 289 288.156281  46.677436    71.551    73.560 10 57518.30519211 16.203
 290 288.153757  46.676635    47.338    47.022 10 57528.22084461 25.446
 291 288.154732  46.676463    64.458    67.976 10 57538.13649469 14.832
 292 288.155819  46.676744    70.576    73.035 10 57548.05214232 14.196
 293 288.154800  46.676688    66.880    72.568 10 57557.96778847 12.680
 294 288.152932  46.677194    61.836    69.790 10 57567.88343382 11.741
 295 288.151270  46.676972    69.864    70.987 10 57577.79907845 12.366
 296 288.150992  46.676365    69.301    70.878 10 57587.71472180 11.193
 297 288.152909  46.677064    52.665    48.509 10 57597.63036308 22.194
