-216336.934   462.507     0.00   30.78
-216048.024   462.743     0.82   32.86
-215759.135   460.297    -8.47   33.25
-215470.269   456.434   -13.38   32.07
-215181.425   448.488   -27.51   27.78
-214892.604   439.353   -31.64   28.23
-214603.805   431.047   -28.76   32.54
-214315.028   422.556   -29.41   34.48
-214026.274   417.590   -17.20   30.25
-213737.542   419.634     7.08   31.64
-213448.832   427.031    25.62   40.43
-213160.145   436.131    31.53   48.14
-212871.480   449.220    45.35   51.40
-212582.837   464.590    53.26   48.31
-212294.216   481.911    60.03   39.93
-212005.618   496.870    51.84   33.77
-211717.042   503.150    21.76   31.90
-211428.489   505.025     6.50   29.32
-211139.958   506.219     4.14   27.24
-210851.448   507.635     4.91   24.44
-210562.962   508.135     1.73   23.76
-210274.497   506.960    -4.07   22.36
-209986.055   506.669    -1.01   21.82
-209697.635   511.309    16.09   25.92
-209409.237   518.964    26.55   31.82
-209120.862   527.024    27.95   35.92
-208832.509   532.881    20.32   35.75
-208544.177   536.928    14.04   35.04
-208255.869   533.669   -11.31   33.82
-207967.582   527.460   -21.54   34.98
-207679.318   518.542   -30.94   38.53
-207391.076   506.135   -43.05   40.90
-207102.856   492.228   -48.26   41.72
-206814.658   476.654   -54.05   41.38
-206526.482   460.987   -54.37   37.90
-206238.329   449.547   -39.71   33.58
-205950.198   441.172   -29.07   29.13
-205662.089   435.186   -20.78   24.38
-205374.002   429.742   -18.90   21.06
-205085.937   425.927   -13.25   20.87
-204797.895   421.455   -15.53   22.84
-204509.875   415.475   -20.76   25.97
-204221.876   411.488   -13.85   26.66
-203933.900   408.886    -9.04   25.16
-203645.946   409.129     0.84   26.56
-203358.015   409.875     2.59   26.16
-203070.105   412.620     9.53   27.26
-202782.217   418.814    21.52   27.65
-202494.352   419.904     3.79   27.92
-202206.509   414.608   -18.40   29.73
-201918.688   406.125   -29.48   30.01
-201630.889   397.638   -29.49   29.74
-201343.112   389.752   -27.41   28.46
-201055.357   381.797   -27.65   22.01
-200767.624   375.217   -22.87   17.65
-200479.913   370.171   -17.54   14.03
-200192.225   367.573    -9.03   12.67
-199904.558   366.775    -2.78   12.74
-199616.914   367.612     2.91   13.92
-199329.291   369.421     6.29   15.33
-199041.691   370.987     5.45   15.72
-198754.112   373.435     8.51   15.59
-198466.556   377.332    13.55   17.68
-198179.022   384.309    24.27   25.14
-197891.510   397.249    45.01   35.28
-197604.020   415.395    63.13   43.62
-197316.551   436.066    71.92   47.05
-197029.105   455.791    68.64   42.11
-196741.681   469.418    47.42   32.62
-196454.279   473.239    13.30   25.94
-196166.899   470.580    -9.25   25.68
-195879.541   460.158   -36.27   35.23
-195592.205   442.414   -61.76   43.90
-195304.890   421.681   -72.17   44.66
-195017.598   404.425   -60.07   42.12
-194730.328   388.809   -54.37   36.07
-194443.080   375.483   -46.40   26.37
-194155.854   366.716   -30.53   14.58
-193868.649   362.127   -15.98    4.95
-193581.467   360.890    -4.31    3.10
-193294.307   361.414     1.82    3.08
-193007.168   363.065     5.75    4.66
-192720.052   366.065    10.45    9.17
-192432.957   369.983    13.65   13.59
-192145.885   374.356    15.23   15.86
-191858.834   380.309    20.74   18.91
-191571.805   385.603    18.45   19.49
-191284.798   391.909    21.97   22.03
-190997.813   398.415    22.67   24.35
-190710.850   407.297    30.96   26.43
-190423.909   418.616    39.45   29.57
-190136.990   433.151    50.67   36.60
-189850.092   450.174    59.34   43.15
-189563.217   471.093    72.93   44.95
-189276.363   488.661    61.25   42.06
-188989.531   499.979    39.47   35.85
-188702.721   503.028    10.63   33.15
-188415.933   499.702   -11.60   35.98
-188129.167   490.230   -33.04   41.24
-187842.423   476.533   -47.77   42.68
-187555.700   462.814   -47.86   38.61
-187269.000   449.331   -47.04   28.77
-186982.321   441.017   -29.01   19.57
-186695.664   440.275    -2.59   22.04
-186409.029   444.746    15.60   29.54
-186122.415   454.061    32.51   36.34
-185835.824   461.545    26.12   37.71
-185549.254   470.713    32.00   37.14
-185262.706   478.596    27.52   32.72
-184976.180   478.184    -1.44   32.33
-184689.676   471.752   -22.45   34.54
-184403.193   462.042   -33.90   33.72
-184116.732   450.669   -39.70   29.74
-183830.293   443.518   -24.97   24.51
-183543.876   441.425    -7.31   23.48
-183257.481   444.159     9.55   28.13
-182971.107   450.412    21.84   32.16
-182684.755   457.723    25.53   33.34
-182398.425   462.596    17.02   31.47
-182112.116   466.516    13.69   28.91
-181825.830   469.495    10.41   26.26
-181539.565   470.013     1.81   23.29
-181253.321   468.677    -4.67   18.99
-180967.100   467.491    -4.14   13.62
-180680.900   467.111    -1.33    9.85
-180394.722   467.576     1.63    9.48
-180108.566   468.925     4.71    9.29
-179822.431   471.053     7.44   15.89
-179536.318   476.274    18.25   26.33
-179250.227   482.216    20.77   32.38
-178964.157   483.274     3.70   33.14
-178678.109   482.262    -3.54   33.02
-178392.083   478.036   -14.78   30.49
-178106.078   472.786   -18.36   25.92
-177820.095   468.655   -14.45   20.52
-177534.134   465.750   -10.16   15.06
-177248.195   464.285    -5.12   10.60
-176962.277   466.559     7.95   12.28
-176676.380   468.716     7.54   13.47
-176390.506   470.681     6.88   14.27
-176104.653   472.449     6.18   14.99
-175818.821   473.437     3.46   15.76
-175533.012   473.576     0.49   16.93
-175247.223   473.402    -0.61   18.30
-174961.457   469.642   -13.16   18.43
-174675.712   468.297    -4.71   19.39
-174389.989   471.172    10.06   24.48
-174104.287   474.718    12.41   25.95
-173818.607   478.138    11.97   28.05
-173532.948   483.536    18.90   29.93
-173247.312   491.400    27.53   30.56
-172961.696   501.882    36.71   29.87
-172676.102   512.264    36.36   29.23
-172390.530   522.849    37.07   26.49
-172104.980   530.355    26.29   22.84
-171819.450   535.665    18.60   19.69
-171533.943   540.516    16.99   17.79
-171248.457   543.918    11.92   14.68
-170962.993   542.047    -6.55   15.46
-170677.550   537.150   -17.16   16.91
-170392.128   531.877   -18.48   18.92
-170106.728   525.264   -23.18   20.37
-169821.350   519.882   -18.86   21.91
-169535.993   513.578   -22.09   21.38
-169250.658   508.642   -17.30   20.07
-168965.344   507.228    -4.96   20.68
-168680.052   505.320    -6.69   21.83
-168394.781   498.927   -22.42   25.47
-168109.532   493.399   -19.38   29.32
-167824.304   486.073   -25.69   32.91
-167539.098   476.196   -34.63   38.46
-167253.913   466.061   -35.54   42.15
-166968.750   454.702   -39.84   39.76
-166683.608   447.533   -25.14   38.50
-166398.487   441.927   -19.67   40.55
-166113.388   436.657   -18.49   39.36
-165825.717   431.366   -18.40   34.16
-165535.913   431.527     0.56   31.08
-165246.131   435.053    12.17   27.53
-164956.372   439.366    14.89   25.39
-164666.635   445.596    21.51   21.74
-164376.921   446.576     3.38   19.66
-164087.229   442.615   -13.68   21.06
-163797.560   436.163   -22.28   22.82
-163507.913   428.236   -27.37   21.26
-163218.289   423.871   -15.08   18.62
-162928.687   425.488     5.59   20.96
-162639.107   429.583    14.14   24.93
-162349.550   435.262    19.61   28.29
-162060.015   440.658    18.64   27.90
-161770.502   443.815    10.91   26.07
-161481.012   444.472     2.27   24.55
-161191.545   442.297    -7.51   25.14
-160902.099   437.007   -18.28   25.27
-160612.676   429.902   -24.55   22.15
-160323.276   420.953   -30.93   17.34
-160033.898   416.691   -14.73   14.02
-159744.542   415.781    -3.15   16.44
-159455.208   415.941     0.55   19.74
-159165.897   417.849     6.60   21.54
-158876.608   419.987     7.39   21.91
-158587.342   423.013    10.46   20.97
-158298.098   426.005    10.35   20.46
-158008.876   431.634    19.47   20.22
-157719.676   439.219    26.23   23.10
-157430.499   447.148    27.42   24.52
-157141.344   454.007    23.72   23.92
-156852.211   458.219    14.57   22.49
-156563.101   460.050     6.34   20.29
-156274.013   460.803     2.60   18.32
-155984.947   458.007    -9.68   16.88
-155695.904   453.780   -14.63   14.02
-155406.883   451.524    -7.81   12.92
-155117.884   452.968     5.00   14.89
-154828.907   456.005    10.51   16.77
-154539.953   457.017     3.50   16.72
-154251.021   455.755    -4.37   15.94
-153962.111   450.924   -16.72   16.43
-153673.223   449.321    -5.55   16.37
-153384.358   450.379     3.66   16.94
-153095.515   453.203     9.78   20.51
-152806.694   461.623    29.16   27.22
-152517.895   471.646    34.71   28.99
-152229.118   480.216    29.68   26.41
-151940.364   487.425    24.97   21.60
-151651.632   490.003     8.93   19.53
-151362.922   487.275    -9.45   19.96
-151074.234   480.976   -21.82   20.34
-150785.569   471.960   -31.23   21.85
-150496.926   461.070   -37.73   23.17
-150208.304   450.136   -37.89   26.11
-149919.706   438.136   -41.59   26.80
-149631.129   427.877   -35.56   23.96
-149342.574   421.922   -20.64   19.06
-149054.042   419.136    -9.66   15.49
-148765.531   420.700     5.42   17.84
-148477.043   424.378    12.75   20.76
-148188.577   427.972    12.46   21.57
-147900.133   431.573    12.49   20.74
-147611.711   432.017     1.54   19.66
-147323.312   430.559    -5.06   20.46
-147034.934   425.263   -18.37   23.17
-146746.579   416.623   -29.97   25.23
-146458.245   404.921   -40.59   24.56
-146169.934   394.988   -34.46   21.25
-145881.645   388.440   -22.71   18.29
-145593.378   386.117    -8.06   16.75
-145305.133   389.200    10.70   22.10
-145016.910   395.358    21.37   26.21
-144728.709   400.774    18.79   26.77
-144440.531   404.297    12.23   26.83
-144152.374   410.109    20.17   26.97
-143864.239   414.827    16.38   26.33
-143576.127   418.381    12.34   25.62
-143288.036   416.944    -4.99   25.40
-142999.968   411.697   -18.22   29.07
-142711.922   408.181   -12.21   30.74
-142423.897   404.053   -14.33   31.72
-142135.895   398.427   -19.54   30.97
-141847.914   396.321    -7.31   29.64
-141559.956   395.507    -2.83   28.62
-141272.020   395.838     1.15   28.52
-140984.106   394.138    -5.90   28.83
-140696.213   390.758   -11.74   28.33
-140408.343   386.661   -14.23   26.29
-140120.495   384.562    -7.29   23.24
-139832.668   381.320   -11.26   18.20
-139544.864   380.493    -2.88   14.57
-139257.082   383.550    10.63   14.09
-138969.321   385.832     7.93   12.70
-138681.583   384.518    -4.57   13.99
-138393.867   379.780   -16.47   16.66
-138106.172   373.007   -23.55   19.60
-137818.500   367.838   -17.97   22.32
-137530.849   361.470   -22.14   24.55
-137243.220   354.229   -25.18   23.81
-136955.614   347.752   -22.52   22.14
-136668.029   340.820   -24.11   19.68
-136380.466   332.493   -28.96   19.95
-136092.925   326.925   -19.36   20.28
-135805.406   321.156   -20.07   21.32
-135517.909   315.533   -19.56   22.07
-135230.434   311.603   -13.67   21.71
-134942.980   308.833    -9.64   21.56
-134655.549   310.916     7.25   23.56
-134368.139   314.003    10.74   26.46
-134080.752   320.100    21.22   29.60
-133793.386   328.228    28.29   29.59
-133506.042   336.646    29.30   26.91
-133218.720   344.832    28.49   20.63
-132931.420   352.427    26.44   15.76
-132644.141   356.123    12.87   15.09
-132356.885   360.774    16.19   17.47
-132069.650   365.437    16.24   22.17
-131782.437   372.097    23.19   25.43
-131495.246   378.886    23.64   26.38
-131208.077   388.332    32.90   27.78
-130920.930   398.941    36.95   32.55
-130633.804   407.949    31.37   32.38
-130346.701   414.521    22.89   31.52
-130059.619   421.113    22.97   29.35
-129772.559   428.354    25.23   27.24
-129485.520   439.217    37.85   22.87
-129198.504   446.411    25.07   20.78
-128911.509   450.286    13.50   17.95
-128624.536   454.343    14.14   15.15
-128337.585   457.206     9.98   13.08
-128050.656   457.758     1.92   12.62
-127763.748   458.601     2.94   12.68
-127476.862   456.513    -7.28   14.80
-127189.998   455.195    -4.60   15.13
-126903.156   456.565     4.78   18.46
-126616.335   457.424     3.00   21.46
-126329.536   459.286     6.49   21.83
-126042.759   461.138     6.46   21.18
-125756.004   459.410    -6.03   21.05
-125469.270   459.104    -1.07   21.77
-125182.558   456.093   -10.50   24.12
-124895.868   447.849   -28.76   22.20
-124609.199   442.826   -17.52   20.45
-124322.552   438.343   -15.64   20.78
-124035.927   431.983   -22.19   20.06
-123749.324   427.949   -14.08   17.06
-123462.742   428.879     3.25   20.42
-123176.182   434.507    19.64   25.58
-122889.644   441.181    23.30   28.60
-122603.127   445.123    13.76   29.03
-122316.632   450.042    17.17   27.66
-122030.159   452.890     9.95   25.95
-121743.707   451.472    -4.95   24.84
-121457.277   445.007   -22.57   25.59
-121170.868   436.076   -31.18   24.50
-120884.482   427.839   -28.77   20.64
-120598.116   421.472   -22.24   15.62
-120311.773   418.030   -12.02   13.77
-120025.451   417.250    -2.72   14.86
-119739.151   418.250     3.49   17.45
-119452.872   420.166     6.70   19.64
-119166.615   422.062     6.62   20.35
-118880.380   423.580     5.30   21.32
-118594.166   424.933     4.73   21.10
-118307.974   424.415    -1.81   19.54
-118021.803   425.239     2.88   18.18
-117735.654   426.088     2.97   17.30
-117449.526   425.030    -3.70   17.01
-117163.421   422.297    -9.55   15.00
-116877.336   420.378    -6.71   15.15
-116591.273   419.918    -1.61   15.70
-116305.232   417.907    -7.03   14.14
-116019.213   416.669    -4.33   13.96
-115733.214   417.010     1.19   13.53
-115447.238   416.458    -1.93   10.96
-115161.283   417.918     5.11   12.57
-114875.349   422.803    17.09   16.79
-114589.437   428.320    19.30   20.29
-114303.547   436.079    27.14   22.53
-114017.678   443.757    26.86   22.11
-113731.831   448.741    17.44   20.84
-113446.005   452.106    11.78   20.05
-113160.200   457.556    19.07   22.08
-112874.418   463.627    21.25   21.79
-112588.656   465.956     8.15   19.28
-112302.916   465.445    -1.79   16.98
-112017.198   464.491    -3.34   15.34
-111731.501   466.320     6.40   14.82
-111445.825   468.746     8.49   16.31
-111160.171   471.741    10.49   16.92
-110874.539   474.820    10.78   16.41
-110588.928   475.376     1.95   14.73
-110303.338   474.612    -2.68   13.31
-110017.770   474.679     0.24   12.87
-109732.223   473.729    -3.33   11.98
-109446.698   472.150    -5.53   10.46
-109161.194   471.809    -1.19   10.98
-108875.712   470.525    -4.50   15.36
-108590.251   468.949    -5.52   17.59
-108304.811   466.344    -9.13   18.48
-108019.393   462.309   -14.14   16.32
-107733.996   459.844    -8.64   17.05
-107448.621   458.646    -4.20   16.49
-107163.267   454.980   -12.85   15.08
-106877.934   453.615    -4.78   14.97
-106592.623   453.415    -0.70   14.89
-106307.333   455.886     8.66   17.23
-106022.065   458.580     9.45   17.46
-105736.818   459.439     3.01   15.58
-105451.592   463.369    13.78   17.44
-105166.387   467.809    15.57   18.29
-104881.204   470.250     8.56   17.02
-104596.043   469.062    -4.17   18.81
-104310.903   463.007   -21.24   23.83
-104025.784   456.332   -23.41   27.67
-103736.785   451.297   -17.42   28.60
-103446.991   449.874    -4.91   30.45
-103157.220   454.739    16.79   35.34
-102867.472   463.216    29.26   34.92
-102577.745   473.182    34.40   28.46
-102288.041   476.113    10.12   23.61
-101998.359   464.930   -38.61   36.97
-101708.700   450.228   -50.76   45.11
-101419.062   439.516   -36.99   41.21
-101129.447   428.042   -39.62   38.38
-100839.855   415.111   -44.65   36.87
-100550.284   404.669   -36.06   31.24
-100260.736   397.504   -24.75   29.11
 -99971.210   398.321     2.82   30.37
 -99681.707   399.665     4.64   31.20
 -99392.225   399.479    -0.64   29.46
 -99102.766   407.263    26.89   32.09
 -98813.329   418.960    40.42   34.04
 -98523.915   429.533    36.53   30.65
 -98234.522   436.536    24.20   28.67
 -97945.152   441.419    16.88   28.57
 -97655.804   446.346    17.03   26.62
 -97366.478   448.834     8.60   25.64
 -97077.175   445.916   -10.09   26.54
 -96787.893   442.381   -12.22   26.50
 -96498.634   439.143   -11.20   26.16
 -96209.397   433.524   -19.43   26.52
 -95920.183   427.900   -19.45   24.56
 -95630.990   423.032   -16.83   22.67
 -95341.820   414.688   -28.86   26.69
 -95052.671   405.127   -33.07   30.26
 -94763.545   400.047   -17.57   30.85
 -94474.441   400.980     3.23   32.43
 -94185.360   408.018    24.35   35.58
 -93896.300   416.562    29.56   37.45
 -93607.263   423.297    23.31   34.50
 -93318.247   435.553    42.41   24.89
 -93029.254   442.751    24.91   21.68
 -92740.283   440.412    -8.09   22.22
 -92451.334   428.757   -40.34   33.06
 -92162.408   413.797   -51.78   42.39
 -91873.503   394.321   -67.42   49.62
 -91584.620   373.320   -72.70   54.46
 -91295.760   349.925   -81.00   51.93
 -91006.922   327.581   -77.36   38.85
 -90718.105   312.379   -52.64   25.22
 -90429.311   299.995   -42.88   18.48
 -90140.539   289.909   -34.93   15.62
 -89851.789   283.344   -22.74   13.63
 -89563.061   280.909    -8.44   14.55
 -89274.355   287.168    21.68   27.15
 -88985.671   300.146    44.96   42.51
 -88697.010   317.507    60.15   55.16
 -88408.370   343.662    90.62   63.92
 -88119.752   370.921    94.45   66.75
 -87831.157   396.583    88.93   62.40
 -87542.583   414.857    63.33   53.15
 -87254.032   430.333    53.64   42.41
 -86965.502   438.861    29.56   34.43
 -86676.995   440.424     5.42   32.70
 -86388.509   437.095   -11.54   29.99
 -86100.046   433.161   -13.64   24.43
 -85811.604   433.815     2.27   17.21
 -85523.185   435.079     4.38   16.92
 -85234.787   436.911     6.35   18.00
 -84946.412   438.061     3.99   17.64
 -84658.058   436.781    -4.44   18.49
 -84369.727   435.320    -5.07   19.25
 -84081.417   433.342    -6.86   20.00
 -83793.129   429.422   -13.60   20.09
 -83504.864   419.297   -35.13   32.35
 -83216.620   404.716   -50.59   45.82
 -82928.398   390.447   -49.51   51.14
 -82640.198   382.493   -27.60   49.86
 -82352.021   378.821   -12.74   46.67
 -82063.865   378.380    -1.53   41.20
 -81775.731   383.999    19.50   38.01
 -81487.619   394.158    35.26   32.14
 -81199.528   400.832    23.17   24.09
 -80911.460   402.193     4.72   18.37
 -80623.414   402.380     0.65   16.21
 -80335.389   401.988    -1.36   16.24
 -80047.387   400.059    -6.70   15.31
 -79759.406   397.821    -7.77   17.65
 -79471.448   392.309   -19.14   24.39
 -79183.511   382.416   -34.36   31.19
 -78895.596   368.129   -49.63   35.68
 -78607.703   354.047   -48.92   34.07
 -78319.831   341.071   -45.08   25.90
 -78031.982   335.133   -20.63   19.67
 -77744.154   336.086     3.31   25.87
 -77456.349   340.507    15.36   31.75
 -77168.565   344.321    13.25   32.53
 -76880.803   348.700    15.22   30.84
 -76593.063   351.182     8.63   28.35
 -76305.344   350.536    -2.25   25.14
 -76017.648   350.872     1.17   23.75
 -75729.973   354.949    14.17   25.63
 -75442.320   354.250    -2.43   32.65
 -75154.689   345.734   -29.61   42.58
 -74867.080   333.389   -42.93   47.71
 -74579.493   320.458   -44.97   49.15
 -74291.927   308.182   -42.69   49.63
 -74004.383   292.344   -55.09   49.09
 -73716.861   280.214   -42.19   48.27
 -73429.361   266.476   -47.79   43.86
 -73141.882   252.119   -49.94   40.24
 -72854.425   239.119   -45.23   34.38
 -72566.990   228.017   -38.63   31.35
 -72279.577   219.578   -29.36   30.12
 -71992.185   211.968   -26.48   26.81
 -71704.816   203.562   -29.25   23.97
 -71417.468   196.333   -25.16   24.20
 -71130.141   189.416   -24.07   26.40
 -70842.837   184.262   -17.94   29.15
 -70555.554   178.071   -21.55   31.65
 -70268.293   169.547   -29.67   33.13
 -69981.054   161.623   -27.59   35.07
 -69693.836   154.779   -23.83   36.86
 -69406.640   148.200   -22.91   38.70
 -69119.466   141.322   -23.95   38.46
 -68832.313   137.261   -14.14   34.34
 -68545.182   137.452     0.66   33.17
 -68258.073   138.344     3.11   33.53
 -67970.985   142.074    12.99   36.33
 -67683.920   146.425    15.16   37.18
 -67396.875   151.734    18.50   36.79
 -67109.853   156.389    16.22   37.95
 -66822.852   159.809    11.91   39.73
 -66535.873   164.086    14.90   41.61
 -66248.915   168.615    15.79   43.99
 -65961.979   173.909    18.45   47.67
 -65675.065   171.850    -7.18   48.54
 -65388.172   169.686    -7.55   48.37
 -65101.301   168.133    -5.41   45.92
 -64814.452   167.960    -0.60   44.44
 -64527.624   168.642     2.38   43.56
 -64240.818   167.902    -2.58   42.60
 -63954.034   166.274    -5.68   40.89
 -63667.271   166.999     2.53   42.96
 -63380.529   173.309    22.01   50.64
 -63093.810   186.181    44.90   60.90
 -62807.111   204.721    64.67   71.19
 -62520.435   231.544    93.57   77.70
 -62233.780   258.909    95.47   71.71
 -61947.146   283.368    85.34   53.14
 -61660.534   299.678    56.91   35.77
 -61373.944   307.107    25.92   25.59
 -61087.375   305.792    -4.59   25.24
 -60800.828   301.047   -16.56   26.43
 -60514.303   296.881   -14.54   23.94
 -60227.798   295.750    -3.95   21.91
 -59941.316   296.897     4.01   21.58
 -59654.855   302.839    20.74   22.24
 -59368.415   310.239    25.84   20.21
 -59081.997   317.704    26.07   17.68
 -58795.601   323.321    19.61   17.26
 -58509.226   327.390    14.21   16.95
 -58222.872   328.992     5.59   17.70
 -57936.540   328.786    -0.72   18.94
 -57650.230   325.797   -10.44   21.68
 -57363.941   319.972   -20.35   25.44
 -57077.673   314.925   -17.63   28.31
 -56791.427   307.832   -24.78   30.99
 -56505.203   301.250   -23.00   31.76
 -56219.000   296.274   -17.39   31.88
 -55932.818   293.018   -11.38   32.96
 -55646.658   292.786    -0.81   33.26
 -55360.519   288.665   -14.40   33.37
 -55074.402   287.205    -5.10   34.82
 -54788.306   285.297    -6.67   36.16
 -54502.232   277.056   -28.81   39.19
 -54216.179   267.123   -34.73   39.95
 -53930.148   257.635   -33.17   37.58
 -53644.137   248.401   -32.29   34.60
 -53358.149   240.274   -28.42   30.74
 -53072.182   234.286   -20.94   25.92
 -52786.236   233.953    -1.17   24.16
 -52500.311   234.470     1.81   28.09
 -52214.408   228.470   -20.99   34.17
 -51928.527   217.693   -37.70   39.73
 -51642.666   203.007   -51.38   45.32
 -51356.828   185.600   -60.90   49.48
 -51071.010   167.968   -61.69   48.59
 -50785.214   151.392   -58.00   40.75
 -50499.439   137.909   -47.18   30.60
 -50213.686   131.062   -23.96   28.21
 -49927.954   125.083   -20.93   25.62
 -49642.243   122.109   -10.41   23.97
 -49356.554   120.097    -7.04   23.87
 -49070.886   119.603    -1.73   24.00
 -48785.239   122.133     8.86   29.44
 -48499.614   124.521     8.36   32.54
 -48214.010   127.428    10.18   35.44
 -47928.427   130.286    10.01   37.57
 -47642.866   134.686    15.41   40.00
 -47357.326   139.274    16.07   43.64
 -47071.807   143.368    14.34   48.68
 -46786.310   148.392    17.60   56.46
 -46500.834   154.821    22.52   63.41
 -46215.379   155.414     2.08   65.24
 -45929.945   151.565   -13.48   64.05
 -45644.533   144.181   -25.87   59.39
 -45359.142   135.263   -31.25   50.65
 -45073.772   127.826   -26.06   39.54
 -44788.424   127.366    -1.61   42.70
 -44503.097   132.983    19.69   55.60
 -44217.791   138.518    19.40   65.94
 -43932.506   141.045     8.86   71.40
 -43647.243   141.619     2.01   73.34
 -43362.001   139.159    -8.62   71.27
 -43076.780   135.422   -13.10   65.83
 -42791.580   131.803   -12.69   60.14
 -42506.402   130.194    -5.64   58.31
 -42221.245   131.504     4.60   59.68
 -41935.590   134.608    10.86   62.96
 -41645.788   137.297     9.28   63.53
 -41356.008   141.007    12.80   64.04
 -41066.250   140.631    -1.30   59.27
 -40776.514   138.631    -6.90   53.38
 -40486.801   134.509   -14.23   46.96
 -40197.109   133.925    -2.02   44.00
 -39907.440   129.274   -16.06   39.21
 -39617.793   125.392   -13.40   33.18
 -39328.168   124.580    -2.80   31.75
 -39038.565   124.357    -0.77   32.85
 -38748.985   126.309     6.74   35.81
 -38459.426   128.709     8.29   40.62
 -38169.890   132.368    12.64   45.87
 -37880.375   129.980    -8.25   43.80
 -37590.883   124.437   -19.15   38.58
 -37301.413   119.728   -16.27   32.35
 -37011.965   115.435   -14.83   24.59
 -36722.539   112.914    -8.71   18.80
 -36433.136   114.168     4.33   19.07
 -36143.754   114.658     1.69   19.37
 -35854.394   115.182     1.81   18.92
 -35565.057   115.631     1.55   18.42
 -35275.742   114.588    -3.60   16.28
 -34986.448   113.669    -3.18   15.18
 -34697.177   112.228    -4.98   14.24
 -34407.928   111.739    -1.69   14.30
 -34118.700   113.462     5.96   15.13
 -33829.495   116.321     9.89   17.16
 -33540.312   118.827     8.67   18.24
 -33251.151   120.968     7.41   18.90
 -32962.012   122.439     5.09   18.23
 -32672.895   121.803    -2.20   17.32
 -32383.800   121.678    -0.43   16.26
 -32094.727   120.214    -5.07   15.19
 -31805.676   119.201    -3.50   14.38
 -31516.647   119.274     0.25   13.37
 -31227.640   120.568     4.48   12.35
 -30938.655   122.556     6.88   10.60
 -30649.693   123.862     4.52    8.14
 -30360.752   124.074     0.73    7.03
 -30071.833   123.100    -3.37    9.29
 -29782.936   122.611    -1.69   10.56
 -29494.061   122.309    -1.05   11.25
 -29205.207   122.639     1.14   10.53
 -28916.376   123.744     3.83    8.81
 -28627.567   125.263     5.26    5.20
 -28338.780   126.144     3.05    4.30
 -28050.015   126.344     0.69    3.93
 -27761.271   126.925     2.01    2.69
 -27472.550   127.097     0.60    2.06
 -27183.850   127.251     0.53    2.12
 -26895.173   127.286     0.12    1.99
 -26606.517   127.155    -0.45    1.95
 -26317.883   127.041    -0.39    1.81
 -26029.272   126.864    -0.62    1.62
 -25740.682   126.683    -0.63    1.65
 -25452.114   126.406    -0.96    1.40
 -25163.567   126.153    -0.88    1.15
 -24875.043   126.044    -0.38    1.11
 -24586.541   126.129     0.29    1.23
 -24298.060   126.129     0.00    1.18
 -24009.602   126.163     0.12    1.18
 -23721.165   126.066    -0.34    1.25
 -23432.750   125.881    -0.64    1.36
 -23144.357   125.690    -0.66    1.41
 -22855.986   125.357    -1.16    1.25
 -22567.636   124.976    -1.32    1.48
 -22279.309   124.539    -1.51    1.59
 -21991.003   124.022    -1.79    1.75
 -21702.719   123.472    -1.91    1.78
 -21414.457   123.097    -1.30    1.71
 -21126.217   122.815    -0.98    2.04
 -20837.998   122.803    -0.04    2.36
 -20549.802   122.596    -0.72    2.52
 -20261.627   122.518    -0.27    2.65
 -19973.474   122.449    -0.24    2.74
 -19685.343   121.797    -2.26    2.98
 -19397.233   120.988    -2.81    3.24
 -19109.146   120.369    -2.15    3.33
 -18821.080   119.334    -3.59    3.10
 -18533.036   118.761    -1.99    3.21
 -18245.013   118.188    -1.99    3.14
 -17957.013   118.274     0.30    3.62
 -17669.034   118.381     0.37    4.59
 -17381.077   116.607    -6.16    6.39
 -17093.141   113.996    -9.07    8.36
 -16805.228   110.683   -11.51   10.21
 -16517.336   106.078   -16.00   11.90
 -16229.466   100.395   -19.74   12.30
 -15941.617    94.189   -21.56   10.84
 -15653.791    88.178   -20.88    9.42
 -15365.986    82.845   -18.53   10.18
 -15078.202    76.797   -21.01   10.75
 -14790.441    71.171   -19.55   10.12
 -14502.701    66.437   -16.45    9.02
 -14214.983    62.427   -13.94    7.66
 -13927.286    59.133   -11.45    6.36
 -13639.611    56.109   -10.51    4.74
 -13351.958    53.992    -7.36    3.98
 -13064.327    52.286    -5.93    3.77
 -12776.717    50.321    -6.83    4.04
 -12489.129    48.390    -6.71    4.44
 -12201.562    46.809    -5.50    4.89
 -11914.017    45.144    -5.79    5.36
 -11626.494    43.357    -6.22    5.28
 -11338.993    41.650    -5.94    5.19
 -11051.513    40.262    -4.83    4.67
 -10764.055    39.050    -4.21    4.04
 -10476.618    38.344    -2.46    3.85
 -10189.203    37.827    -1.80    2.95
  -9901.809    37.226    -2.09    2.81
  -9614.438    36.869    -1.24    2.76
  -9327.087    36.440    -1.49    2.89
  -9039.759    36.059    -1.33    3.27
  -8752.452    35.405    -2.28    3.68
  -8465.166    35.768     1.27    3.84
  -8177.903    36.392     2.17    4.15
  -7890.660    36.733     1.19    3.82
  -7603.440    36.556    -0.61    3.65
  -7316.241    36.711     0.54    3.35
  -7029.063    36.838     0.44    2.64
  -6741.907    36.890     0.18    2.12
  -6454.773    36.530    -1.26    1.76
  -6167.660    36.056    -1.65    1.52
  -5880.568    35.949    -0.37    1.56
  -5593.499    35.578    -1.29    1.75
  -5306.450    34.814    -2.66    2.46
  -5019.424    33.500    -4.58    3.52
  -4732.418    31.477    -7.05    5.16
  -4445.435    28.355   -10.88    6.93
  -4158.473    25.146   -11.18    7.47
  -3871.532    22.228   -10.17    6.57
  -3584.613    19.458    -9.65    5.48
  -3297.715    17.320    -7.45    4.20
  -3010.839    15.553    -6.16    3.26
  -2723.984    14.627    -3.23    2.81
  -2437.151    13.862    -2.67    2.77
  -2150.339    12.721    -3.98    2.86
  -1863.549    11.262    -5.09    3.33
  -1576.780     9.393    -6.52    4.85
  -1290.033     6.940    -8.55    5.68
  -1003.307     4.619    -8.10    5.60
   -716.603     2.562    -7.17    4.71
   -429.920     1.054    -5.26    3.80
   -143.258    -0.305    -4.74    1.79
    143.382    -0.703    -1.39    0.00
    430.000    -0.678     0.08    0.22
    716.598    -0.337     1.19    1.32
   1003.173     0.309     2.25    2.21
   1289.728     1.086     2.71    2.68
   1576.261     1.886     2.79    2.87
   1862.772     2.856     3.39    2.85
   2149.262     3.486     2.20    2.55
   2435.731     4.100     2.14    2.05
   2722.179     4.449     1.22    1.51
   3008.605     4.345    -0.36    1.50
   3295.009     4.474     0.45    1.42
   3581.392     4.774     1.05    1.37
   3867.754     5.107     1.16    1.23
   4154.095     5.472     1.27    1.19
   4440.414     6.274     2.80    2.38
   4726.712     7.902     5.69    4.65
   5012.988    10.204     8.04    6.11
   5299.243    13.065     9.99    7.45
   5585.477    16.476    11.92    7.55
   5871.689    20.012    12.35    7.10
   6157.880    23.905    13.60    6.00
   6444.050    26.702     9.78    5.49
   6730.198    29.224     8.81    5.45
   7016.325    31.627     8.40    4.84
   7302.431    33.418     6.26    4.00
   7588.516    34.948     5.35    2.92
   7874.579    35.707     2.65    2.63
   8160.621    36.442     2.57    2.93
   8446.641    37.322     3.08    3.14
   8732.641    38.273     3.33    4.02
   9018.619    39.346     3.75    3.92
   9304.575    40.490     4.00    3.64
   9590.511    41.683     4.17    3.02
   9876.425    42.587     3.16    2.10
  10162.318    42.940     1.24    2.55
  10448.190    43.227     1.00    2.66
  10734.040    43.486     0.91    3.03
  11019.869    43.786     1.05    2.97
  11305.677    44.437     2.28    3.04
  11591.464    45.111     2.36    3.03
  11877.229    45.402     1.02    2.99
  12162.973    46.239     2.93    2.83
  12448.696    46.728     1.71    2.87
  12734.398    47.182     1.59    2.57
  13020.079    47.545     1.27    2.74
  13305.738    47.724     0.63    2.46
  13591.376    47.960     0.83    2.49
  13876.993    48.208     0.87    2.20
  14162.589    48.590     1.34    2.16
  14448.164    49.159     2.00    2.22
  14733.717    49.925     2.68    2.25
  15019.249    50.704     2.73    2.33
  15304.761    51.774     3.75    2.87
  15590.250    53.320     5.42    3.49
  15875.719    55.321     7.01    4.77
  16161.167    57.940     9.18    6.10
  16446.593    60.547     9.13    6.58
  16731.998    62.615     7.24    6.45
  17017.383    64.405     6.27    5.77
  17302.746    66.017     5.65    4.89
  17588.087    67.153     3.98    4.05
  17873.408    68.309     4.05    3.35
  18158.708    69.526     4.27    3.47
  18443.986    70.888     4.77    3.28
  18729.244    72.090     4.21    3.15
  19014.480    73.309     4.27    3.26
  19299.695    74.297     3.46    3.23
  19584.889    75.213     3.21    3.27
  19870.062    76.032     2.87    3.22
  20157.063    76.151     0.41    3.58
  20446.862    75.895    -0.88    3.99
  20736.640    75.690    -0.71    4.00
  21026.395    75.321    -1.27    3.68
  21316.128    75.100    -0.76    3.37
  21605.839    75.274     0.60    3.60
  21895.529    76.194     3.18    3.91
  22185.196    77.502     4.52    4.27
  22474.841    78.774     4.39    4.15
  22764.464    79.809     3.58    3.53
  23054.065    80.239     1.48    3.11
  23343.644    80.439     0.69    2.78
  23633.202    80.180    -0.89    3.71
  23922.737    77.345    -9.79    9.66
  24212.250    73.846   -12.08   12.87
  24501.741    71.707    -7.39   14.51
  24791.211    71.093    -2.12   15.67
  25080.658    70.322    -2.66   16.15
  25370.083    71.980     5.73   15.19
  25659.487    75.444    11.97   13.24
  25948.868    81.286    20.19    5.36
  26238.228    83.203     6.63    4.17
  26527.565    84.509     4.51    4.09
  26816.881    86.135     5.62    3.66
  27106.175    87.251     3.86    3.34
  27395.447    87.960     2.45    3.01
  27684.697    88.007     0.16    3.08
  27973.925    87.320    -2.37    3.40
  28263.131    86.477    -2.91    3.84
  28552.315    85.342    -3.92    4.17
  28841.477    83.769    -5.44    4.15
  29130.618    82.216    -5.37    3.63
  29419.737    81.169    -3.62    3.07
  29708.833    80.297    -3.02    2.43
  29997.908    79.726    -1.98    2.25
  30286.961    79.168    -1.93    1.81
  30575.992    78.821    -1.20    1.59
  30865.001    78.736    -0.29    1.42
  31153.989    78.639    -0.34    1.31
  31442.954    78.822     0.63    1.35
  31731.898    79.395     1.98    1.76
  32020.820    80.370     3.37    2.40
  32309.720    81.454     3.75    2.85
  32598.598    83.066     5.58    3.94
  32887.455    85.214     7.44    5.17
  33176.289    87.095     6.51    5.60
  33465.102    89.050     6.77    5.88
  33753.893    90.658     5.57    5.71
  34042.662    91.972     4.55    5.19
  34331.410    92.507     1.85    4.67
  34620.135    93.020     1.78    4.42
  34908.839    93.129     0.38    4.35
  35197.521    92.786    -1.19    4.43
  35486.181    92.205    -2.01    3.81
  35774.820    91.427    -2.70    3.34
  36063.437    90.464    -3.34    2.43
  36352.032    90.071    -1.36    1.63
  36640.605    89.647    -1.47    1.78
  36929.156    89.225    -1.46    1.90
  37217.686    88.924    -1.04    1.99
  37506.194    88.712    -0.73    1.84
  37794.680    88.639    -0.25    1.85
  38083.145    88.614    -0.08    1.95
  38371.588    88.442    -0.60    1.93
  38660.009    88.643     0.70    2.03
  38948.408    88.674     0.11    2.00
  39236.786    88.627    -0.16    1.87
  39525.142    88.481    -0.50    3.09
  39813.476    89.216     2.55    4.03
  40101.789    90.862     5.71    4.82
  40390.080    92.460     5.54    6.03
  40678.349    94.654     7.61    6.71
  40966.597    96.895     7.78    6.87
  41254.823    98.470     5.46    6.41
  41543.027    99.642     4.07    5.23
  41831.210    99.844     0.70    5.07
  42119.371    99.239    -2.10    5.21
  42407.510    98.053    -4.11    5.20
  42695.628    96.536    -5.27    4.94
  42983.724    95.297    -4.30    4.04
  43271.798    94.200    -3.81    2.73
  43559.851    93.651    -1.91    1.75
  43847.882    93.587    -0.22    1.82
  44135.891    93.647     0.21    1.70
  44423.879    93.972     1.13    1.78
  44711.846    94.321     1.21    1.86
  44999.790    94.755     1.51    1.76
  45287.713    95.310     1.93    1.96
  45575.615    96.054     2.58    2.60
  45863.495    97.968     6.65    4.66
  46151.353   101.595    12.60    7.53
  46439.190   105.595    13.90    9.51
  46727.005   109.750    14.43    9.72
  47014.799   113.486    12.98    8.44
  47302.571   116.792    11.49    6.42
  47590.321   118.968     7.56    4.20
  47878.050   119.756     2.74    3.17
  48165.758   119.483    -0.95    3.56
  48453.444   118.297    -4.12    3.92
  48741.108   116.832    -5.09    3.97
  49028.751   115.450    -4.80    3.84
  49316.372   114.486    -3.35    3.60
  49603.972   113.751    -2.55    3.08
  49891.550   113.113    -2.22    2.88
  50179.107   111.952    -4.04    3.87
  50466.642   111.066    -3.08    4.34
  50754.156   110.444    -2.16    4.35
  51041.648   109.944    -1.74    4.20
  51329.119   109.912    -0.11    4.43
  51616.568   110.846     3.25    4.84
  51903.996   112.188     4.67    4.90
  52191.402   113.858     5.81    3.89
  52478.787   114.614     2.63    3.46
  52766.150   115.334     2.50    3.31
  53053.492   116.433     3.83    3.15
  53340.812   118.119     5.87    3.68
  53628.111   119.809     5.88    4.41
  53915.389   122.039     7.76    5.19
  54202.645   124.203     7.54    5.05
  54489.880   126.309     7.33    4.48
  54777.093   127.909     5.57    4.01
  55064.285   129.309     4.88    3.79
  55351.455   130.614     4.54    3.53
  55638.604   132.480     6.50    4.47
  55925.732   134.832     8.19    5.63
  56212.838   137.193     8.22    6.25
  56499.923   138.693     5.22    6.08
  56786.986   139.286     2.07    5.77
  57074.028   139.406     0.42    5.76
  57361.049   138.671    -2.56    5.50
  57648.048   136.858    -6.32    4.96
  57935.026   135.066    -6.25    3.56
  58221.982   134.273    -2.76    3.03
  58508.917   133.705    -1.98    2.90
  58795.831   133.249    -1.59    3.03
  59082.723   131.968    -4.46    3.76
  59369.594   130.602    -4.76    4.56
  59656.444   129.297    -4.55    4.74
  59943.272   128.517    -2.72    4.22
  60230.079   128.700     0.64    4.78
  60516.865   131.163     8.59    9.09
  60803.630   137.857    23.34   18.44
  61090.373   146.439    29.93   22.98
  61377.094   153.949    26.19   23.55
  61663.795   158.228    14.92   22.13
  61950.474   160.827     9.07   21.20
  62237.132   160.850     0.08   21.29
  62523.768   158.262    -9.03   21.35
  62810.384   154.686   -12.48   18.46
  63096.978   152.204    -8.66   14.64
  63383.550   150.909    -4.52   13.32
  63670.102   149.964    -3.30   13.06
  63956.632   150.956     3.46   12.42
  64243.141   151.902     3.30   11.85
  64529.628   152.074     0.60   11.86
  64816.095   151.690    -1.34   10.85
  65102.540   152.071     1.33   11.22
  65388.964   153.357     4.49   13.15
  65675.366   155.590     7.80   15.81
  65961.748   156.590     3.49   17.95
  66248.108   157.020     1.50   18.78
  66534.447   158.213     4.17   18.26
  66820.764   158.883     2.34   16.97
  67107.061   159.529     2.26   16.33
  67393.336   158.964    -1.97   16.05
  67679.590   159.224     0.91   16.41
  67965.823   160.635     4.93   15.59
  68252.035   162.871     7.81   14.20
  68538.225   166.212    11.67   13.83
  68824.395   170.774    15.94   14.17
  69110.543   175.262    15.69   14.43
  69396.670   179.367    14.35   15.80
  69682.776   184.251    17.07   15.47
  69968.860   189.309    17.68   15.70
  70254.924   194.968    19.78   16.60
  70540.966   201.088    21.39   17.99
  70826.987   207.427    22.16   18.91
  71112.987   213.039    19.62   20.59
  71398.966   218.544    19.25   23.40
  71684.924   223.992    19.05   24.98
  71970.860   228.107    14.39   26.41
  72256.776   229.897     6.26   27.40
  72542.670   231.297     4.90   27.29
  72828.543   231.003    -1.03   25.88
  73114.396   230.750    -0.89   23.76
  73400.227   230.571    -0.62   21.07
  73686.037   229.083    -5.21   18.65
  73971.825   226.297    -9.75   15.90
  74257.593   223.968    -8.15   13.91
  74543.340   222.358    -5.64   13.88
  74829.065   219.201   -11.05   14.34
  75114.770   215.761   -12.04   15.51
  75400.453   213.005    -9.65   15.25
  75686.116   210.547    -8.60   14.80
  75971.757   206.635   -13.70   17.16
  76257.377   199.054   -26.54   19.98
  76542.976   190.731   -29.14   21.09
  76828.555   182.675   -28.21   21.36
  77114.112   174.724   -27.84   18.39
  77399.648   167.940   -23.76   12.05
  77685.163   165.155    -9.76    8.84
  77970.657   166.015     3.01   11.16
  78256.130   166.450     1.52   12.17
  78541.582   166.669     0.77   12.09
  78827.013   168.964     8.04   12.81
  79112.423   174.733    20.21   17.84
  79397.811   182.721    27.99   24.48
  79683.179   192.227    33.31   29.90
  79968.526   202.956    37.60   32.72
  80253.852   214.107    39.08   30.48
  80539.157   225.440    39.72   25.75
  80824.441   233.704    28.97   22.46
  81109.704   237.716    14.06   21.62
  81394.946   239.030     4.61   21.05
  81680.167   239.704     2.36   20.68
  81965.368   241.643     6.80   19.51
  82253.759   243.261     5.61   16.16
  82543.544   242.163    -3.79   14.14
  82833.307   236.980   -17.89   15.97
  83123.049   229.614   -25.42   19.95
  83412.768   222.026   -26.19   21.25
  83702.466   215.335   -23.09   21.00
  83992.142   210.285   -17.43   20.77
  84281.796   208.663    -5.60   22.28
  84571.428   206.944    -5.94   22.85
  84861.038   206.521    -1.46   23.76
  85150.627   206.728     0.71   23.18
  85440.193   206.568    -0.55   22.66
  85729.738   206.168    -1.38   20.63
  86019.261   206.321     0.53   18.12
  86308.762   205.763    -1.93   16.65
  86598.241   207.003     4.29   17.38
  86887.699   209.474     8.53   19.61
  87177.134   212.733    11.26   22.02
  87466.548   215.571     9.81   22.35
  87755.940   217.476     6.58   22.36
  88045.311   219.153     5.79   22.58
  88334.659   222.236    10.66   23.40
  88623.986   227.602    18.54   24.48
  88913.291   233.273    19.60   24.89
  89202.574   237.852    15.83   24.77
  89491.836   241.743    13.45   24.30
  89781.075   244.815    10.62   23.37
  90070.293   246.001     4.10   22.43
  90359.489   245.749    -0.87   21.23
  90648.664   243.032    -9.39   20.56
  90937.817   241.274    -6.08   19.89
  91226.947   239.803    -5.08   19.00
  91516.057   238.530    -4.40   18.20
  91805.144   237.470    -3.67   17.12
  92094.210   237.570     0.35   16.09
  92383.254   238.669     3.80   16.48
  92672.276   241.886    11.13   17.12
  92961.277   245.944    14.04   17.40
  93250.256   249.333    11.72   16.59
  93539.213   251.614     7.90   14.86
  93828.149   251.939     1.12   14.18
  94117.063   251.980     0.14   13.79
  94405.955   250.141    -6.37   14.51
  94694.826   247.695    -8.47   15.05
  94983.675   245.755    -6.71   14.15
  95272.502   246.538     2.71   13.46
  95561.308   248.700     7.48   13.73
  95850.091   251.663    10.26   14.91
  96138.854   257.166    19.06   18.28
  96427.594   264.000    23.66   20.91
  96716.313   272.452    29.27   23.49
  97005.011   282.297    34.10   23.88
  97293.687   290.968    30.03   23.32
  97582.341   298.356    25.59   21.94
  97870.973   305.181    23.64   19.19
  98159.584   310.960    20.02   14.79
  98448.174   314.439    12.05    9.81
  98736.741   315.333     3.10    7.15
  99025.287   314.886    -1.55    6.20
  99313.812   313.440    -5.01    6.35
  99602.315   312.225    -4.21    5.85
  99890.796   311.927    -1.03    5.64
 100179.256   312.285     1.24    6.48
 100467.694   313.384     3.81    7.38
 100756.111   315.224     6.38    7.59
 101044.506   319.815    15.92   10.70
 101332.880   325.647    20.22   13.61
 101621.232   331.810    21.37   15.41
 101909.562   338.599    23.54   15.53
 102197.871   343.547    17.16   14.59
 102486.159   345.881     8.09   13.34
 102774.424   343.390    -8.64   16.68
 103062.669   336.476   -23.99   22.32
 103350.892   326.940   -33.08   24.95
 103639.093   317.933   -31.25   21.59
 103927.273   310.321   -26.41   15.24
 104215.431   306.944   -11.72   10.82
 104503.568   308.226     4.45   11.11
 104791.683   312.768    15.76   13.69
 105079.777   321.227    29.36   14.96
 105367.849   329.321    28.10   16.01
 105655.900   338.334    31.29   18.46
 105943.930   347.871    33.11   20.66
 106231.938   359.575    40.63   24.85
 106519.924   374.359    51.33   33.64
 106807.889   392.647    63.50   42.92
 107095.833   413.816    73.51   49.71
 107383.755   442.639   100.10   59.92
 107671.655   473.919   108.64   67.44
 107959.535   497.261    81.07   59.30
 108247.392   511.655    50.00   51.04
 108535.229   516.476    16.75   46.68
 108823.044   514.286    -7.61   46.54
 109110.837   503.890   -36.12   52.60
 109398.609   484.833   -66.22   58.08
 109686.360   461.666   -80.50   54.00
 109974.089   436.666   -86.88   40.78
 110261.797   417.992   -64.90   29.28
 110549.484   407.027   -38.11   22.26
 110837.149   400.869   -21.40   19.43
 111124.793   397.553   -11.53   19.22
 111412.415   396.944    -2.12   20.26
 111700.016   396.857    -0.30   21.05
 111987.596   397.602     2.59   20.40
 112275.154   396.480    -3.90   20.19
 112562.691   390.767   -19.87   25.05
 112850.207   379.910   -37.76   37.70
 113137.701   358.872   -73.17   50.80
 113425.174   332.804   -90.67   56.39
 113712.625   304.102   -99.84   53.20
 114000.055   280.406   -82.43   46.52
 114287.464   260.761   -68.35   35.08
 114574.852   249.119   -40.51   23.05
 114862.218   244.047   -17.65   17.36
 115149.563   242.702    -4.68   15.45
 115436.887   243.414     2.48   13.47
 115724.189   244.678     4.40   11.94
 116011.470   244.274    -1.41   11.98
 116298.730   240.803   -12.08   14.83
 116585.968   236.050   -16.55   16.67
 116873.185   231.086   -17.28   18.02
 117160.381   226.568   -15.73   18.76
 117447.556   223.568   -10.45   16.82
 117734.709   221.357    -7.70   14.23
 118021.841   221.693     1.17   13.10
 118308.952   223.559     6.50   12.55
 118596.042   226.919    11.70   11.25
 118883.110   230.334    11.90    8.61
 119170.157   232.697     8.23    6.21
 119457.183   234.347     5.75    4.96
 119744.188   235.322     3.40    4.12
 120031.171   235.944     2.17    4.10
 120318.133   236.972     3.58    4.34
 120605.074   238.054     3.77    4.29
 120891.994   238.932     3.06    3.91
 121178.893   239.821     3.10    3.76
 121465.770   240.988     4.07    4.25
 121752.626   243.358     8.26    6.20
 122039.461   246.562    11.17    8.89
 122326.275   251.476    17.13   12.25
 122613.067   257.862    22.27   15.06
 122899.839   265.827    27.77   17.52
 123186.589   274.585    30.54   18.98
 123473.318   284.091    33.15   19.61
 123760.026   293.133    31.53   18.94
 124046.713   302.039    31.06   18.80
 124333.378   309.536    26.15   16.73
 124620.023   315.414    20.50   14.27
 124906.646   319.322    13.63   11.42
 125193.248   321.175     6.47    9.44
 125479.829   320.569    -2.12    8.03
 125766.389   318.468    -7.33    8.50
 126052.928   316.442    -7.07    9.33
 126339.446   315.081    -4.75   11.11
 126625.942   314.774    -1.07   13.17
 126912.418   315.964     4.16   14.15
 127198.872   317.261     4.53   13.22
 127485.305   318.554     4.51   11.24
 127771.717   318.834     0.98    8.72
 128058.108   317.742    -3.81    7.40
 128344.478   315.201    -8.87    8.19
 128630.827   312.322   -10.05    8.90
 128917.155   309.238   -10.77    9.64
 129203.462   306.309   -10.23   11.64
 129489.748   305.750    -1.95   13.70
 129776.012   304.992    -2.65   15.59
 130062.256   305.527     1.87   16.98
 130348.478   307.274     6.10   17.58
 130634.680   309.321     7.15   17.44
 130920.860   312.203    10.07   16.34
 131207.019   314.059     6.49   16.05
 131493.158   314.418     1.25   16.24
 131779.275   313.726    -2.42   16.70
 132065.372   312.262    -5.12   17.37
 132351.447   311.155    -3.87   17.08
 132637.501   308.944    -7.73   15.18
 132923.534   307.114    -6.39   13.20
 133209.547   302.017   -17.82   15.43
 133495.538   293.273   -30.57   22.38
 133781.508   285.804   -26.12   24.30
 134067.458   282.072   -13.05   24.83
 134353.386   281.285    -2.75   26.29
 134639.293   282.939     5.79   29.42
 134925.180   289.005    21.21   33.00
 135211.045   300.749    41.08   32.26
 135496.890   313.285    43.85   29.61
 135782.713   323.249    34.85   27.87
 136068.516   330.683    26.01   29.22
 136354.297   338.512    27.39   30.19
 136640.058   346.655    28.49   29.64
 136925.798   355.568    31.19   30.26
 137211.516   362.840    25.45   29.43
 137497.214   369.370    22.85   27.22
 137782.891   378.785    32.95   23.11
 138068.547   384.560    20.21   22.64
 138354.182   389.695    17.98   22.54
 138639.796   391.912     7.76   21.17
 138925.390   393.450     5.39   20.96
 139210.962   395.571     7.43   20.16
 139496.514   397.214     5.75   19.21
 139782.044   399.297     7.30   18.96
 140067.554   404.309    17.55   19.22
 140353.043   410.517    21.74   17.23
 140638.511   416.883    22.30   16.13
 140923.958   424.655    27.23   17.18
 141209.384   431.610    24.36   17.88
 141494.789   436.135    15.85   18.06
 141780.174   440.247    14.41   19.35
 142065.538   441.517     4.45   21.85
 142350.880   440.237    -4.48   23.42
 142636.202   434.127   -21.41   24.58
 142921.504   426.273   -27.52   26.37
 143206.784   418.578   -26.97   27.90
 143492.043   409.369   -32.28   29.42
 143777.282   403.683   -19.93   28.94
 144062.500   401.840    -6.46   29.96
 144352.280   399.024    -9.72   31.42
 144642.056   398.897    -0.44   32.50
 144931.811   400.180     4.43   31.63
 145221.544   400.539     1.24   30.03
 145511.255   401.133     2.05   27.78
 145800.945   401.428     1.02   24.67
 146090.613   403.190     6.08   22.62
 146380.259   405.141     6.73   21.01
 146669.883   408.407    11.28   20.61
 146959.486   414.383    20.63   22.56
 147249.067   422.163    26.86   23.96
 147538.627   431.261    31.41   25.12
 147828.164   440.237    31.00   26.10
 148117.680   449.932    33.48   25.73
 148407.175   459.017    31.38   24.63
 148696.648   468.261    31.93   23.76
 148986.099   477.719    32.67   22.51
 149275.528   486.791    31.34   22.14
 149564.936   497.214    36.01   24.65
 149854.322   507.744    36.38   29.07
 150143.687   519.972    42.25   34.78
 150433.030   530.516    36.44   38.88
 150722.351   539.952    32.61   41.47
 151011.651   546.940    24.15   43.84
 151300.929   553.536    22.80   44.90
 151590.186   560.980    25.73   46.28
 151879.421   565.569    15.86   49.89
 152168.634   565.932     1.25   52.77
 152457.826   563.165    -9.57   56.26
 152746.996   561.236    -6.67   58.53
 153036.144   557.731   -12.12   59.79
 153325.271   550.663   -24.44   59.82
 153614.377   541.151   -32.90   59.33
 153903.461   536.726   -15.31   58.22
 154192.523   536.322    -1.40   60.44
 154481.564   541.237    17.00   65.04
 154770.583   550.726    32.83   68.29
 155059.581   561.086    35.84   69.62
 155348.557   569.953    30.68   65.47
 155637.511   576.216    21.67   58.94
 155926.444   579.322    10.75   50.88
 156215.356   573.357   -20.64   50.45
 156504.246   560.755   -43.61   55.99
 156793.114   540.743   -69.27   64.08
 157081.961   520.013   -71.76   65.87
 157370.787   497.517   -77.88   61.71
 157659.591   482.117   -53.32   52.65
 157948.373   470.755   -39.34   39.29
 158237.134   466.984   -13.06   31.89
 158525.874   472.932    20.59   37.73
 158814.592   487.371    50.00   45.88
 159103.289   508.371    72.73   51.19
 159391.964   533.406    86.71   48.17
 159680.617   555.047    74.96   43.14
 159969.250   573.881    65.24   38.63
 160257.860   589.821    55.22   35.87
 160546.450   602.844    45.12   32.86
 160835.017   614.921    41.85   31.84
 161123.564   624.709    33.92   32.74
 161412.089   632.381    26.59   32.38
 161700.592   637.274    16.96   32.11
 161989.075   643.114    20.24   34.53
 162277.535   649.743    22.98   35.95
 162565.975   652.017     7.88   37.71
 162854.392   646.310   -19.79   42.29
 163142.789   631.541   -51.20   51.82
 163431.164   612.346   -66.56   59.56
 163719.518   591.237   -73.19   62.57
 164007.850   572.153   -66.18   58.01
 164296.161   555.505   -57.74   46.28
 164584.451   542.841   -43.92   28.22
 164872.719   541.054    -6.20   24.71
 165160.966   550.690    33.43   35.04
 165449.191   568.416    61.49   47.75
 165737.395   587.131    64.92   52.19
 166025.578   602.700    54.02   47.07
 166313.739   615.297    43.71   41.27
 166601.879   625.533    35.52   36.67
 166889.998   628.119     8.97   34.17
 167178.096   621.454   -23.13   38.17
 167466.172   609.068   -42.99   39.00
 167754.226   597.095   -41.56   37.24
 168042.260   586.541   -36.64   37.90
 168330.272   574.212   -42.80   32.72
 168618.263   561.900   -42.75   21.65
 168906.232   553.581   -28.88   19.73
 169194.180   545.035   -29.68   23.36
 169482.107   534.597   -36.25   28.15
 169770.013   522.348   -42.54   28.28
 170057.897   510.590   -40.84   23.66
 170345.760   501.444   -31.77   18.00
 170633.602   494.952   -22.55   12.58
 170921.423   490.562   -15.25    5.51
 171209.222   489.297    -4.39    0.00
 171497.000   489.309     0.04    0.11
 171784.757   489.792     1.68    3.05
 172072.492   490.871     3.75    5.10
 172360.207   491.639     2.67    5.79
 172647.900   493.992     8.18    8.59
 172935.571   499.250    18.28   14.76
 173223.222   508.659    32.71   23.78
 173510.851   522.044    46.53   32.69
 173798.459   538.122    55.89   39.46
 174086.046   557.297    66.67   43.92
 174373.612   577.880    71.56   41.53
 174661.157   595.483    61.21   37.62
 174948.680   612.100    57.79   32.41
 175236.182   625.197    45.55   27.90
 175523.663   637.347    42.26   23.11
 175811.123   647.618    35.72   21.70
 176098.561   656.541    31.04   24.68
 176385.979   661.454    17.09   31.75
 176673.375   661.912     1.59   39.56
 176960.750   657.968   -13.72   46.76
 177248.104   649.428   -29.71   52.47
 177535.437   637.454   -41.67   55.84
 177822.748   622.905   -50.63   53.78
 178110.039   608.344   -50.67   48.42
 178397.308   594.980   -46.52   44.69
 178684.556   583.595   -39.63   41.83
 178971.783   574.690   -31.00   39.36
 179258.989   567.333   -25.61   38.94
 179546.174   559.671   -26.67   38.99
 179833.338   550.972   -30.29   39.67
 180120.480   541.085   -34.43   40.21
 180407.602   528.470   -43.93   43.97
 180694.702   517.066   -39.72   43.48
 180981.781   510.139   -24.12   43.41
 181268.840   509.236    -3.14   47.03
 181555.877   507.017    -7.73   48.27
 181842.893   508.590     5.48   52.30
 182129.888   519.322    37.39   60.96
 182416.862   537.188    62.25   72.20
 182703.814   561.595    85.04   83.11
 182990.746   589.786    98.23   91.73
 183277.657   615.428    89.36   91.15
 183564.546   636.615    73.84   81.69
 183851.415   642.756    21.40   76.93
 184138.263   643.065     1.08   77.65
 184425.089   627.580   -53.98   88.87
 184711.895   605.476   -77.06   94.60
 184998.679   580.309   -87.74   91.93
 185285.443   558.791   -75.03   86.16
 185572.185   539.774   -66.31   78.84
 185858.906   522.102   -61.62   66.55
 186145.607   509.175   -45.08   55.68
 186432.286   502.102   -24.67   49.01
 186718.945   499.125   -10.39   43.25
 187005.582   497.910    -4.24   39.68
 187292.199   493.497   -15.39   39.24
 187578.794   490.146   -11.69   37.18
 187865.368   492.529     8.32   33.79
 188151.922   498.507    20.86   34.97
 188438.455   511.668    45.92   42.34
 188724.966   526.068    50.25   49.42
 189011.457   536.695    37.09   47.73
 189297.926   542.141    19.01   43.34
 189584.375   541.321    -2.86   42.69
 189870.803   538.944    -8.30   44.72
 190157.210   536.797    -7.49   51.11
 190443.596   539.554     9.62   61.05
 190729.961   545.202    19.72   71.31
 191016.305   548.762    12.43   74.47
 191302.628   550.767     7.00   72.07
 191588.930   550.972     0.72   64.69
 191875.211   545.059   -20.65   62.98
 192161.472   533.141   -41.63   60.13
 192447.711   513.853   -67.37   58.35
 192733.930   492.740   -73.75   52.25
 193020.127   472.885   -69.37   44.70
 193306.304   459.371   -47.21   40.78
 193592.460   451.554   -27.32   39.28
 193878.595   447.575   -13.90   39.19
 194164.709   445.663    -6.68   37.52
 194450.803   444.907    -2.64   37.68
 194736.875   445.507     2.10   41.30
 195022.927   448.117     9.12   47.76
 195308.958   451.371    11.37   50.54
 195594.968   453.797     8.48   50.11
 195880.957   453.647    -0.53   46.25
 196166.925   450.587   -10.70   43.88
 196452.872   444.750   -20.41   39.50
 196738.799   443.042    -5.97   36.75
 197024.705   445.728     9.39   42.35
 197310.589   448.744    10.55   47.14
 197596.454   452.719    13.90   48.49
 197882.297   457.452    16.56   48.59
 198168.119   466.095    30.23   46.88
 198453.921   466.512     1.46   48.32
 198739.702   464.008    -8.76   53.92
 199025.462   454.371   -33.72   58.25
 199311.201   447.939   -22.51   64.66
 199596.920   444.335   -12.61   71.63
 199882.618   430.610   -48.03   67.97
 200168.295   413.627   -59.44   53.86
 200453.951   402.935   -37.42   44.42
 200739.587   392.639   -36.04   25.24
 201025.201   388.872   -13.19   12.62
 201310.795   390.139     4.43   14.56
 201596.368   390.557     1.46   14.48
 201881.921   389.346    -4.24   13.75
 202167.453   388.056    -4.51   13.28
 202452.964   387.726    -1.16   12.62
 202738.454   391.036    11.59   15.64
 203023.924   398.587    26.45   23.42
 203309.372   411.226    44.27   33.85
 203594.801   428.768    61.45   43.93
 203880.208   451.867    80.92   51.72
 204165.595   476.615    86.70   57.48
 204450.961   505.815   102.31   58.12
 204736.306   525.767    69.91   52.77
 205021.631   537.032    39.47   48.52
 205306.935   539.900    10.05   50.34
 205592.218   532.261   -26.77   60.15
 205877.481   515.587   -58.44   68.25
 206164.113   491.517   -83.96   62.62
 206453.890   469.810   -74.89   53.71
 206743.645   450.489   -66.67   44.30
 207033.379   438.131   -42.65   38.33
 207323.091   432.125   -20.73   33.25
 207612.781   431.057    -3.68   29.29
