-235841.961   208.260     0.00   33.88
-235553.423   201.637   -22.96   24.82
-235264.908   198.793    -9.86   19.67
-234976.415   198.780    -0.04   16.85
-234687.944   202.200    11.86   19.71
-234399.494   206.323    14.30   22.26
-234111.067   207.162     2.91   22.24
-233822.662   206.427    -2.55   21.99
-233534.279   204.519    -6.62   20.42
-233245.917   201.421   -10.74   17.55
-232957.578   200.691    -2.53   15.90
-232669.260   200.421    -0.94   15.00
-232380.965   201.335     3.17   15.24
-232092.691   201.059    -0.96   14.85
-231804.440   199.749    -4.55   13.81
-231516.210   198.956    -2.75   13.63
-231228.002   198.421    -1.86   14.28
-230939.817   198.070    -1.22   15.06
-230651.653   199.712     5.70   17.77
-230363.511   204.200    15.58   22.58
-230075.391   210.770    22.81   27.87
-229787.293   217.258    22.53   31.52
-229499.216   220.827    12.39   31.67
-229211.162   221.944     3.88   29.53
-228923.129   220.159    -6.20   25.61
-228635.119   215.391   -16.56   19.70
-228347.130   208.849   -22.72   16.05
-228059.163   203.150   -19.79   13.80
-227771.218   197.207   -20.64   12.80
-227483.295   192.138   -17.61   12.89
-227195.394   187.921   -14.65   12.35
-226907.515   184.391   -12.26   11.12
-226619.657   182.029    -8.21    8.82
-226331.821   180.445    -5.50    7.72
-226044.007   178.872    -5.47    7.83
-225756.215   176.945    -6.70    7.54
-225468.445   175.492    -5.05    7.06
-225180.697   174.050    -5.01    6.27
-224892.970   172.747    -4.53    4.99
-224605.265   171.921    -2.87    3.61
-224317.582   172.588     2.32    5.00
-224029.921   175.277     9.35    8.87
-223742.282   179.289    13.95   13.52
-223454.664   186.035    23.46   20.00
-223167.068   193.212    24.96   24.19
-222879.494   199.501    21.87   24.37
-222591.942   203.415    13.62   22.53
-222304.412   205.300     6.56   20.39
-222016.903   206.599     4.52   17.80
-221729.416   207.758     4.03   15.48
-221441.951   207.421    -1.17   15.59
-221154.507   205.802    -5.63   15.80
-220867.085   203.445    -8.20   17.03
-220579.685   201.802    -5.72   18.14
-220292.307   202.287     1.69   21.26
-220004.951   204.689     8.36   26.27
-219717.616   206.970     7.94   29.24
-219430.303   206.126    -2.94   31.35
-219143.011   203.427    -9.40   32.27
-218855.742   199.159   -14.86   32.12
-218568.494   191.433   -26.90   24.89
-218281.267   183.945   -26.08   16.85
-217994.063   179.135   -16.75   10.18
-217706.880   176.764    -8.26    6.85
-217419.719   175.319    -5.04    6.73
-217132.579   174.799    -1.81    7.22
-216845.461   174.982     0.64    7.65
-216558.365   175.275     1.02    7.92
-216271.290   175.183    -0.32    7.92
-215984.237   175.588     1.41    9.45
-215697.206   176.815     4.28   11.49
-215410.197   179.398     9.00   16.11
-215123.209   181.852     8.55   19.98
-214836.242   182.358     1.76   21.20
-214549.298   181.001    -4.73   20.03
-214262.374   184.335    11.62   22.75
-213975.473   194.356    34.94   35.96
-213688.593   206.533    42.45   44.57
-213401.735   224.509    62.68   52.98
-213114.898   244.003    67.98   56.12
-212828.083   264.321    70.85   51.06
-212541.290   281.569    60.15   38.96
-212254.518   291.507    34.66   29.97
-211967.768   292.760     4.37   26.40
-211681.039   292.037    -2.52   27.27
-211394.332   290.886    -4.02   25.54
-211107.646   289.933    -3.33   21.76
-210820.982   288.933    -3.49   18.89
-210534.340   291.239     8.05   17.56
-210247.719   296.384    17.96   19.45
-209961.119   300.644    14.86   18.22
-209674.542   297.752   -10.09   22.22
-209387.985   293.005   -16.57   26.00
-209101.451   287.029   -20.86   29.57
-208814.937   280.981   -21.11   29.97
-208528.446   276.981   -13.96   27.86
-208241.976   275.787    -4.17   29.03
-207955.527   284.981    32.10   39.84
-207669.100   304.692    68.83   49.00
-207382.694   327.849    80.87   52.02
-207096.310   348.728    72.92   44.63
-206809.947   358.078    32.65   37.41
-206523.606   357.451    -2.19   38.35
-206237.286   347.945   -33.21   44.91
-205950.988   330.838   -59.76   48.63
-205664.711   316.144   -51.33   41.97
-205378.456   304.615   -40.28   30.85
-205092.222   300.978   -12.71   23.88
-204806.010   300.467    -1.79   23.23
-204519.819   301.805     4.67   22.71
-204233.649   301.795    -0.04   24.68
-203947.501   293.749   -28.12   29.79
-203661.375   284.665   -31.75   31.32
-203375.270   278.374   -21.99   30.51
-203089.186   270.828   -26.38   24.06
-202803.123   273.082     7.88   27.00
-202517.083   278.978    20.62   31.18
-202231.063   288.537    33.43   32.78
-201945.065   297.595    31.68   30.42
-201659.088   303.735    21.47   27.25
-201373.133   308.758    17.57   24.23
-201087.199   310.565     6.32   22.20
-200801.286   307.712    -9.98   23.38
-200515.395   304.898    -9.84   26.59
-200229.526   307.514     9.15   30.68
-199943.677   311.247    13.06   34.79
-199657.850   316.607    18.76   35.76
-199372.044   320.944    15.18   34.57
-199086.260   325.592    16.26   32.53
-198800.497   327.623     7.11   27.01
-198514.755   331.421    13.29   24.54
-198229.035   338.367    24.31   25.41
-197943.336   348.873    36.78   25.45
-197657.658   361.427    43.95   28.27
-197372.002   376.776    53.74   33.90
-197086.367   394.258    61.21   39.70
-196800.753   416.189    76.80   45.43
-196515.161   439.848    82.85   49.31
-196229.590   466.078    91.87   50.61
-195944.040   493.066    94.53   48.49
-195658.512   517.162    84.41   44.64
-195373.005   541.162    84.08   41.04
-195087.519   566.186    87.67   41.70
-194802.054   592.005    90.46   46.37
-194516.611   613.451    75.14   45.42
-194231.189   621.005    26.47   42.26
-193945.788   614.421   -23.07   53.07
-193660.408   597.392   -59.68   67.32
-193375.050   570.097   -95.66   79.11
-193089.713   536.274  -118.56   79.48
-192804.397   499.072  -130.41   68.02
-192519.102   466.154  -115.40   53.02
-192233.829   436.639  -103.48   42.09
-191948.577   411.212   -89.15   41.05
-191663.346   387.060   -84.69   42.44
-191378.136   368.062   -66.62   38.29
-191092.948   353.780   -50.09   32.95
-190804.833   341.086   -44.07   27.44
-190515.001   331.886   -31.75   21.86
-190225.192   327.521   -15.06   18.52
-189935.404   324.486   -10.48   17.85
-189645.639   322.665    -6.28   17.33
-189355.895   320.200    -8.51   15.50
-189066.174   319.203    -3.44   14.13
-188776.475   320.111     3.14   12.56
-188486.799   321.567     5.03   11.93
-188197.144   323.716     7.42   11.78
-187907.511   325.379     5.74   10.69
-187617.901   325.343    -0.12   11.05
-187328.313   324.171    -4.05   12.68
-187038.746   321.343    -9.77   15.20
-186749.202   314.813   -22.56   17.66
-186459.680   306.053   -30.26   20.83
-186170.181   295.982   -34.80   24.91
-185880.703   284.088   -41.10   29.29
-185591.247   270.552   -46.77   31.04
-185301.814   254.595   -55.14   29.44
-185012.402   242.001   -43.52   25.08
-184723.013   232.680   -32.22   19.88
-184433.645   227.277   -18.67   16.41
-184144.300   222.921   -15.06   16.12
-183854.977   220.695    -7.70   18.06
-183565.676   216.266   -15.31   20.07
-183276.396   213.427    -9.82   21.83
-182987.139   209.840   -12.40   24.01
-182697.904   204.709   -17.74   24.75
-182408.691   198.838   -20.31   23.94
-182119.500   191.623   -24.95   21.13
-181830.331   184.360   -25.12   16.84
-181541.184   180.055   -14.89   11.31
-181252.059   178.177    -6.50    8.37
-180962.956   178.695     1.79    7.98
-180673.875   179.707     3.50    7.73
-180384.816   181.421     5.93    7.90
-180095.779   184.159     9.47    9.33
-179806.764   188.787    16.01   11.86
-179517.771   194.201    18.74   11.84
-179228.800   199.823    19.46   12.63
-178939.851   209.802    34.54   18.92
-178650.924   220.754    37.91   23.02
-178362.019   231.340    36.65   24.50
-178073.136   237.642    21.82   22.07
-177784.275   242.461    16.69   18.04
-177495.435   245.898    11.90   14.04
-177206.618   248.580     9.29   15.37
-176917.823   248.956     1.30   17.92
-176629.049   247.595    -4.71   20.06
-176340.297   245.277    -8.03   22.68
-176051.568   241.231   -14.02   26.64
-175762.860   232.262   -31.07   30.23
-175474.174   219.278   -44.98   28.91
-175185.510   207.028   -42.44   21.59
-174896.868   198.360   -30.04   14.31
-174608.248   194.153   -14.58   12.88
-174319.650   192.764    -4.81   12.82
-174031.073   193.319     1.92   13.48
-173742.519   194.355     3.59   14.22
-173453.986   196.391     7.06   15.86
-173165.475   196.379    -0.04   16.59
-172876.986   196.728     1.21   16.87
-172588.519   196.740     0.04   16.41
-172300.074   195.970    -2.67   15.76
-172011.651   196.331     1.25   16.03
-171723.249   195.815    -1.79   15.86
-171434.869   193.392    -8.41   12.86
-171146.511   193.674     0.98   13.25
-170858.175   195.747     7.19   15.53
-170569.861   198.403     9.22   17.35
-170281.569   200.595     7.60   18.87
-169993.298   201.105     1.77   19.71
-169705.049   198.404    -9.37   19.89
-169416.822   193.654   -16.48   20.15
-169128.617   187.944   -19.81   19.39
-168840.433   182.584   -18.60   17.85
-168552.272   178.642   -13.68   12.80
-168264.132   177.533    -3.85   10.84
-167976.014   182.886    18.58   19.92
-167687.917   189.521    23.03   24.67
-167399.843   198.286    30.43   27.47
-167111.790   209.603    39.30   31.30
-166823.759   220.207    36.82   33.56
-166535.749   226.504    21.87   33.17
-166247.762   230.052    12.32   29.65
-165959.796   230.092     0.14   24.58
-165671.851   227.608    -8.63   21.26
-165383.929   224.850    -9.58   17.73
-165096.028   226.373     5.29   20.19
-164808.149   234.088    26.80   26.96
-164520.292   240.639    22.76   31.48
-164232.456   245.363    16.42   35.79
-163944.642   253.323    27.66   36.12
-163656.850   253.735     1.43   35.13
-163369.080   250.404   -11.58   34.59
-163081.331   241.714   -30.20   31.86
-162793.604   233.569   -28.31   27.74
-162505.898   229.876   -12.84   23.83
-162218.214   229.966     0.31   24.07
-161930.552   231.348     4.81   28.00
-161642.912   233.707     8.20   31.10
-161355.293   237.703    13.89   30.93
-161067.696   249.223    40.06   31.40
-160780.120   263.933    51.16   32.50
-160492.566   276.197    42.66   33.53
-160205.034   283.473    25.31   33.81
-159917.523   288.862    18.75   29.89
-159630.034   295.514    23.14   22.95
-159342.567   298.662    10.95   14.76
-159055.121   296.133    -8.80   15.41
-158767.697   290.147   -20.83   13.34
-158480.294   286.469   -12.80   10.09
-158192.913   287.326     2.98   13.71
-157905.554   290.945    12.60   18.57
-157618.216   294.604    12.74   23.49
-157330.899   299.885    18.38   26.61
-157043.605   304.162    14.89   25.67
-156756.332   303.921    -0.84   24.76
-156469.080   301.433    -8.66   24.77
-156181.850   295.580   -20.38   23.93
-155894.642   290.003   -19.42   19.64
-155607.455   286.992   -10.49   16.72
-155320.289   286.862    -0.45   19.61
-155033.145   288.840     6.89   22.01
-154746.023   293.074    14.75   23.79
-154458.922   300.250    25.00   22.93
-154171.843   304.639    15.29   20.57
-153884.785   308.290    12.72   17.21
-153597.749   313.944    19.70   14.40
-153310.735   321.107    24.96   18.17
-153023.741   330.886    34.08   26.58
-152736.770   343.549    44.13   36.73
-152449.819   356.642    45.63   42.12
-152162.891   369.397    44.46   43.04
-151875.984   377.076    26.77   42.35
-151589.098   381.016    13.74   40.83
-151302.234   384.482    12.08   40.82
-151015.391   380.909   -12.46   40.71
-150728.569   372.360   -29.81   35.16
-150441.769   362.506   -34.36   31.84
-150154.991   353.788   -30.40   34.49
-149868.234   343.331   -36.47   40.38
-149581.499   329.147   -49.47   42.27
-149294.784   315.981   -45.93   40.44
-149008.092   306.319   -33.71   32.42
-148721.420   303.005   -11.56   28.49
-148434.771   303.114     0.38   31.15
-148148.142   305.584     8.62   34.10
-147861.535   309.726    14.45   34.23
-147574.950   317.133    25.85   33.12
-147288.386   320.064    10.23   34.65
-147001.843   317.380    -9.37   36.34
-146715.321   313.027   -15.19   35.61
-146428.821   312.491    -1.87   34.63
-146142.343   312.212    -0.97   35.51
-145855.885   311.328    -3.09   34.86
-145569.450   309.828    -5.24   34.06
-145283.035   309.093    -2.57   34.27
-144996.642   305.909   -11.12   36.42
-144710.270   296.634   -32.40   39.36
-144423.920   285.281   -39.65   40.72
-144137.591   273.657   -40.60   37.82
-143851.283   261.247   -43.35   31.38
-143564.996   251.433   -34.28   21.02
-143278.731   247.014   -15.44   14.22
-142992.488   250.293    11.46   21.50
-142706.265   260.519    35.73   32.62
-142420.064   273.097    43.96   40.30
-142133.884   288.659    54.38   47.34
-141847.726   309.788    73.85   53.26
-141561.589   332.897    80.77   53.73
-141275.473   352.102    67.13   44.25
-140989.378   364.439    43.13   35.77
-140703.305   371.885    26.03   29.73
-140417.253   374.993    10.87   23.49
-140131.222   372.707    -8.00   24.71
-139845.212   365.802   -24.14   26.41
-139559.224   354.403   -39.86   30.93
-139273.257   342.800   -40.58   31.87
-138987.312   330.126   -44.33   31.90
-138701.387   320.270   -34.47   34.42
-138415.484   308.323   -41.79   34.36
-138129.602   295.885   -43.51   31.41
-137843.741   290.780   -17.86   29.46
-137557.902   288.039    -9.59   30.54
-137272.083   284.398   -12.74   31.34
-136986.286   282.316    -7.28   30.38
-136700.511   280.944    -4.80   31.26
-136414.756   279.657    -4.51   33.96
-136129.023   273.197   -22.61   36.92
-135843.310   265.921   -25.47   36.10
-135557.619   265.576    -1.21   35.81
-135271.950   267.314     6.09   36.72
-134986.301   270.840    12.34   39.19
-134700.674   274.733    13.63   38.61
-134415.067   282.014    25.50   35.43
-134129.482   290.793    30.74   30.18
-133843.918   296.549    20.16   28.36
-133558.375   295.247    -4.56   28.40
-133272.854   288.062   -25.17   28.57
-132987.353   279.111   -31.35   28.08
-132701.874   273.600   -19.31   27.11
-132416.416   268.540   -17.73   25.49
-132130.979   261.294   -25.39   24.29
-131845.563   252.665   -30.24   21.15
-131560.168   246.138   -22.87   18.79
-131274.795   241.813   -15.16   19.54
-130989.442   234.475   -25.72   21.52
-130704.111   225.043   -33.06   23.06
-130418.800   217.102   -27.84   21.61
-130133.511   209.186   -27.75   20.83
-129848.243   201.531   -26.84   18.90
-129562.996   197.067   -15.65   15.69
-129277.770   197.017    -0.18   17.98
-128992.565   199.415     8.41   21.22
-128703.100   200.897     5.12   21.45
-128413.268   203.234     8.07   22.06
-128123.458   206.227    10.33   21.24
-127833.670   210.733    15.55   19.94
-127543.904   211.851     3.86   19.10
-127254.160   211.049    -2.77   17.77
-126964.438   211.024    -0.08   14.01
-126674.738   209.151    -6.47   12.74
-126385.060   204.484   -16.11   13.90
-126095.405   198.549   -20.49   14.31
-125805.771   194.097   -15.37   12.77
-125516.159   191.840    -7.80   11.72
-125226.569   191.361    -1.65   11.63
-124937.001   192.147     2.71   12.42
-124647.454   193.897     6.04   13.19
-124357.930   194.704     2.79   14.50
-124068.428   193.017    -5.83   15.58
-123778.948   192.210    -2.79   14.44
-123489.490   196.078    13.36   22.45
-123200.053   205.752    33.43   34.93
-122910.639   217.189    39.52   44.51
-122621.246   226.982    33.84   47.40
-122331.876   235.278    28.67   46.00
-122042.527   245.314    34.69   42.20
-121753.201   254.183    30.66   36.53
-121463.896   259.781    19.35   30.13
-121174.613   262.863    10.65   25.70
-120885.352   266.492    12.55   23.68
-120596.113   268.361     6.46   22.46
-120306.895   267.956    -1.40   24.48
-120017.700   263.415   -15.70   24.87
-119728.527   258.793   -15.99   24.77
-119439.375   255.333   -11.97   25.17
-119150.245   253.016    -8.01   25.08
-118861.137   251.766    -4.32   24.31
-118572.051   255.372    12.48   26.78
-118282.987   266.775    39.45   34.66
-117993.945   281.625    51.38   39.14
-117704.924   295.421    47.74   39.74
-117415.926   306.055    36.80   37.25
-117126.949   312.848    23.51   33.83
-116837.994   312.427    -1.46   34.36
-116549.061   310.531    -6.56   37.47
-116260.149   306.326   -14.56   39.68
-115971.260   298.572   -26.84   39.37
-115682.392   289.203   -32.44   38.14
-115393.546   279.014   -35.28   35.85
-115104.722   269.537   -32.81   32.16
-114815.919   263.059   -22.43   27.65
-114527.139   256.990   -21.02   23.40
-114238.380   250.576   -22.21   19.60
-113949.643   244.293   -21.76   16.38
-113660.927   241.409    -9.99   15.38
-113372.234   238.933    -8.58   16.92
-113083.562   235.004   -13.61   16.54
-112794.912   231.564   -11.92   14.05
-112506.284   229.043    -8.73   13.00
-112217.677   227.738    -4.52   12.71
-111929.092   226.403    -4.63   12.57
-111640.529   225.620    -2.71   11.43
-111351.988   226.993     4.76   12.18
-111063.468   227.885     3.09   12.06
-110774.970   229.258     4.76   13.76
-110486.494   230.994     6.02   16.04
-110198.040   233.640     9.18   18.58
-109909.607   235.933     7.95   21.86
-109621.196   241.230    18.37   24.80
-109332.806   246.707    18.99   28.66
-109044.439   251.380    16.21   31.35
-108756.093   252.781     4.86   32.11
-108467.768   252.052    -2.53   32.29
-108179.466   247.839   -14.62   32.60
-107891.184   241.580   -21.71   33.19
-107602.925   234.156   -25.76   31.03
-107314.687   229.721   -15.39   26.48
-107026.471   224.803   -17.06   22.50
-106738.277   220.177   -16.06   18.38
-106450.104   220.086    -0.32   17.69
-106161.953   226.135    21.00   25.97
-105873.823   233.027    23.92   32.75
-105585.715   237.885    16.86   35.35
-105297.629   238.787     3.13   37.41
-105009.564   236.811    -6.86   37.72
-104721.521   231.826   -17.31   36.59
-104433.500   225.719   -21.21   32.73
-104145.500   219.029   -23.23   28.77
-103857.522   215.837   -11.09   27.73
-103569.565   215.686    -0.52   29.77
-103281.630   213.516    -7.54   32.36
-102993.716   210.350   -11.00   33.70
-102705.824   206.584   -13.08   35.18
-102417.954   200.754   -20.25   35.85
-102130.105   194.754   -20.85   34.85
-101842.278   187.076   -26.68   28.87
-101554.472   179.886   -24.98   18.27
-101266.688   176.168   -12.92   13.82
-100978.925   174.421    -6.07    9.14
-100691.184   174.754     1.16    6.68
-100403.464   178.107    11.65   10.53
-100115.766   182.584    15.56   13.66
 -99828.090   187.037    15.48   15.55
 -99540.435   192.754    19.88   17.43
 -99252.801   197.064    14.98   18.62
 -98965.189   203.415    22.08   21.59
 -98677.599   210.470    24.53   27.20
 -98390.030   212.198     6.01   28.82
 -98102.482   212.270     0.25   28.73
 -97814.956   214.055     6.21   27.26
 -97527.452   215.726     5.81   24.68
 -97239.968   216.458     2.55   22.54
 -96952.507   212.773   -12.82   22.00
 -96665.067   208.111   -16.22   19.07
 -96377.648   204.064   -14.08   15.92
 -96090.251   199.239   -16.79   11.82
 -95802.875   196.814    -8.44    9.17
 -95515.521   196.235    -2.01    9.54
 -95228.188   195.603    -2.20    9.80
 -94940.876   194.533    -3.73    9.89
 -94653.586   192.654    -6.54    8.58
 -94366.318   192.816     0.57    9.45
 -94079.070   193.714     3.13   11.90
 -93791.845   194.714     3.48   14.05
 -93504.640   196.712     6.96   15.10
 -93217.457   197.756     3.64   15.11
 -92930.296   199.768     7.01   14.92
 -92643.156   202.540     9.65   13.88
 -92356.037   203.850     4.56   11.54
 -92068.939   204.547     2.43    9.70
 -91781.863   206.552     6.98   10.35
 -91494.809   209.994    11.99   13.02
 -91207.776   212.372     8.29   13.55
 -90920.764   213.592     4.25   13.56
 -90633.773   209.214   -15.26   18.76
 -90346.804   200.909   -28.94   24.76
 -90059.856   195.385   -19.25   27.52
 -89772.930   187.692   -26.81   27.17
 -89486.024   179.307   -29.23   23.39
 -89199.141   173.451   -20.41   21.92
 -88912.278   169.055   -15.33   22.28
 -88625.437   172.226    11.05   25.96
 -88338.617   180.040    27.25   33.78
 -88051.818   186.198    21.47   36.14
 -87765.041   193.356    24.96   35.09
 -87478.285   199.133    20.15   32.25
 -87191.551   206.733    26.51   27.18
 -86904.837   213.688    24.26   23.31
 -86618.145   218.036    15.17   22.70
 -86331.475   219.123     3.79   20.71
 -86044.825   223.830    16.42   22.37
 -85758.197   231.438    26.55   22.40
 -85471.590   239.200    27.08   18.98
 -85185.004   244.415    18.20   17.78
 -84898.440   244.723     1.08   20.08
 -84611.897   233.719   -38.41   35.63
 -84325.375   215.680   -62.96   48.54
 -84038.874   195.384   -70.84   53.77
 -83752.395   176.128   -67.22   51.74
 -83465.937   158.543   -61.39   42.71
 -83179.500   145.114   -46.89   25.32
 -82893.084   143.608    -5.26   22.71
 -82606.689   148.837    18.26   28.10
 -82320.316   155.385    22.87   34.02
 -82033.964   163.921    29.81   36.35
 -81747.633   168.909    17.42   35.02
 -81461.323   170.848     6.77   32.53
 -81175.035   169.482    -4.77   32.55
 -80888.768   169.128    -1.24   31.94
 -80602.521   169.116    -0.04   31.00
 -80316.297   168.764    -1.23   29.67
 -80030.093   171.076     8.08   31.14
 -79743.910   175.040    13.85   33.14
 -79457.749   181.286    21.83   38.76
 -79171.609   192.697    39.88   44.67
 -78885.489   205.177    43.62   48.61
 -78599.391   213.760    30.00   46.74
 -78313.315   219.093    18.64   41.37
 -78027.259   220.887     6.27   36.88
 -77741.224   221.116     0.80   30.21
 -77455.211   213.816   -25.53   26.05
 -77169.219   208.815   -17.49   22.27
 -76883.248   207.839    -3.41   23.97
 -76597.298   210.421     9.03   31.48
 -76311.369   212.695     7.95   37.43
 -76025.461   215.826    10.95   40.53
 -75739.574   221.445    19.66   39.30
 -75453.708   227.445    20.99   37.12
 -75167.864   224.787    -9.30   33.56
 -74882.040   217.689   -24.83   31.69
 -74596.238   206.788   -38.14   34.71
 -74310.457   197.126   -33.81   37.46
 -74024.697   186.111   -38.55   43.43
 -73738.957   177.409   -30.46   48.08
 -73453.239   174.716    -9.43   53.20
 -73167.542   178.319    12.61   58.30
 -72881.866   186.041    27.04   64.78
 -72596.211   189.336    11.53   66.89
 -72310.577   185.723   -12.65   65.32
 -72024.965   176.090   -33.73   66.12
 -71739.373   165.246   -37.97   66.65
 -71453.802   153.027   -42.79   63.43
 -71168.252   139.803   -46.31   49.32
 -70882.723   131.756   -28.18   37.77
 -70597.216   130.827    -3.26   36.30
 -70311.729   134.827    14.01   42.43
 -70026.263   139.438    16.15   48.35
 -69740.818   153.737    50.10   53.85
 -69455.395   169.680    55.86   58.03
 -69169.992   185.932    56.95   55.84
 -68884.610   196.486    36.98   53.31
 -68599.249   202.921    22.55   51.10
 -68313.910   205.766     9.97   47.24
 -68028.591   211.719    20.86   46.97
 -67743.293   220.338    30.21   49.86
 -67458.016   228.921    30.09   49.79
 -67172.760   239.516    37.15   46.18
 -66886.513   246.838    25.58   42.88
 -66596.675   253.640    23.47   44.15
 -66306.859   254.677     3.58   49.48
 -66017.065   248.764   -20.40   56.01
 -65727.293   233.726   -51.90   59.33
 -65437.543   218.210   -53.55   56.53
 -65147.815   204.041   -48.91   51.65
 -64858.108   192.131   -41.12   46.82
 -64568.424   181.367   -37.16   37.13
 -64278.761   175.278   -21.02   31.38
 -63989.120   175.274    -0.01   34.69
 -63699.501   180.862    19.30   37.03
 -63409.903   189.139    28.58   39.51
 -63120.328   197.691    29.53   35.72
 -62830.774   199.001     4.53   33.38
 -62541.242   195.677   -11.48   30.61
 -62251.732   188.603   -24.43   30.59
 -61962.244   179.568   -31.21   31.97
 -61672.777   169.837   -33.62   30.24
 -61383.333   164.104   -19.81   24.79
 -61093.910   162.884    -4.21   22.67
 -60804.509   160.560    -8.03   21.30
 -60515.129   156.355   -14.53   23.14
 -60225.772   156.981     2.17   24.33
 -59936.436   161.355    15.12   23.43
 -59647.122   162.470     3.85   23.51
 -59357.829   161.287    -4.09   21.30
 -59068.559   160.957    -1.14   18.67
 -58779.310   160.671    -0.99   16.64
 -58490.083   159.790    -3.05   14.56
 -58200.877   151.533   -28.55   20.70
 -57911.694   136.897   -50.61   35.15
 -57622.532   116.281   -71.30   48.28
 -57333.392    94.862   -74.08   53.91
 -57044.273    76.212   -64.51   52.83
 -56755.176    57.850   -63.52   44.41
 -56466.101    43.933   -48.15   30.99
 -56177.048    34.654   -32.10   14.38
 -55888.016    32.433    -7.68   12.50
 -55599.006    32.628     0.68   12.33
 -55310.018    32.019    -2.11   11.22
 -55021.051    31.146    -3.02    9.02
 -54732.106    31.021    -0.43    7.19
 -54443.183    30.723    -1.03    5.91
 -54154.281    30.270    -1.57    5.12
 -53865.401    29.811    -1.59    4.18
 -53576.543    29.567    -0.84    3.58
 -53287.706    28.695    -3.02    3.70
 -52998.891    27.647    -3.63    4.29
 -52710.097    25.619    -7.02    5.62
 -52421.326    23.258    -8.17    6.31
 -52132.575    20.210   -10.56    7.31
 -51843.847    16.754   -11.97    9.10
 -51555.140    13.215   -12.26   10.39
 -51266.454     9.815   -11.78   10.34
 -50977.791     5.776   -13.99    9.26
 -50689.148     2.611   -10.97    7.96
 -50400.528    -0.091    -9.36    6.62
 -50111.929    -2.151    -7.14    5.67
 -49823.351    -4.042    -6.55    3.81
 -49534.796    -5.042    -3.47    2.24
 -49246.261    -5.579    -1.86    1.48
 -48957.749    -5.799    -0.76    1.07
 -48669.258    -5.799     0.00    1.05
 -48380.788    -5.504     1.02    1.62
 -48092.340    -4.421     3.76    2.97
 -47803.914    -1.635     9.66    7.46
 -47515.509     2.873    15.63   11.45
 -47227.125     7.270    15.25   12.89
 -46938.763    12.004    16.42   12.54
 -46650.423    16.321    14.97   10.66
 -46362.104    20.230    13.56    7.73
 -46073.807    22.958     9.46    4.78
 -45785.531    23.958     3.47    3.51
 -45497.277    24.992     3.59    4.05
 -45209.044    25.697     2.45    4.59
 -44920.833    26.397     2.43    4.79
 -44632.643    26.588     0.66    4.64
 -44344.475    26.234    -1.23    4.46
 -44056.328    25.738    -1.72    4.54
 -43768.203    25.031    -2.45    4.69
 -43480.099    23.397    -5.67    4.06
 -43192.016    21.787    -5.59    3.00
 -42903.955    20.921    -3.01    2.45
 -42615.916    20.579    -1.19    2.54
 -42327.898    20.230    -1.21    2.77
 -42039.901    19.483    -2.59    2.93
 -41751.926    18.738    -2.59    2.80
 -41463.972    18.355    -1.33    2.77
 -41176.040    17.632    -2.51    2.93
 -40888.129    16.234    -4.85    4.01
 -40600.240    14.969    -4.40    4.46
 -40312.372    13.742    -4.26    4.67
 -40024.525    13.153    -2.05    4.46
 -39736.700    12.496    -2.28    4.06
 -39448.896    12.005    -1.70    3.53
 -39161.114    11.692    -1.09    3.37
 -38873.353    11.639    -0.19    3.20
 -38585.613    12.064     1.48    3.12
 -38297.895    12.873     2.81    3.46
 -38010.198    13.397     1.82    3.66
 -37722.522    13.433     0.13    3.80
 -37434.868    13.341    -0.32    3.80
 -37147.235    13.201    -0.48    3.99
 -36859.624    12.433    -2.67    4.28
 -36572.034    11.214    -4.24    4.62
 -36284.465    10.323    -3.10    4.72
 -35996.918     9.483    -2.92    4.93
 -35709.392     8.311    -4.08    4.73
 -35421.887     7.365    -3.29    4.10
 -35134.404     7.813     1.56    4.56
 -34846.942     8.270     1.59    5.09
 -34559.501     8.683     1.44    5.31
 -34272.081     9.486     2.79    5.35
 -33984.683    10.921     4.99    5.66
 -33697.306    12.860     6.75    5.38
 -33409.951    14.258     4.87    4.69
 -33122.617    15.326     3.71    3.90
 -32835.304    15.766     1.53    3.02
 -32548.012    15.826     0.21    2.88
 -32260.741    15.504    -1.12    2.74
 -31973.492    14.754    -2.61    3.16
 -31686.264    13.504    -4.35    4.02
 -31399.058    12.439    -3.71    4.31
 -31111.872    11.616    -2.87    4.27
 -30824.708    11.567    -0.17    4.26
 -30537.565    11.531    -0.13    4.28
 -30250.444    11.958     1.49    4.31
 -29963.343    13.521     5.44    3.58
 -29676.264    14.723     4.19    2.89
 -29389.206    16.031     4.55    2.33
 -29102.170    16.662     2.20    2.60
 -28815.154    16.811     0.52    2.54
 -28528.160    17.028     0.76    2.64
 -28241.187    17.719     2.41    3.06
 -27954.235    18.480     2.66    3.54
 -27667.304    19.286     2.81    3.37
 -27380.395    20.600     4.58    4.24
 -27093.506    22.623     7.05    6.68
 -26806.639    25.274     9.24    7.96
 -26519.793    28.239    10.34    8.99
 -26232.969    31.474    11.28    9.08
 -25946.165    34.247     9.67    8.08
 -25659.383    37.050     9.78    6.84
 -25372.621    36.980    -0.25    7.09
 -25085.881    35.250    -6.03    8.22
 -24799.162    32.102   -10.98    8.50
 -24512.464    29.677    -8.46    8.77
 -24225.788    26.994    -9.36    7.21
 -23939.132    24.714    -7.96    4.95
 -23652.497    23.180    -5.35    2.83
 -23365.884    22.823    -1.24    2.66
 -23079.292    22.043    -2.72    1.88
 -22792.721    21.439    -2.11    2.08
 -22506.171    20.653    -2.74    1.85
 -22219.642    19.872    -2.72    2.00
 -21933.134    19.153    -2.51    2.05
 -21646.647    18.343    -2.83    1.92
 -21360.182    17.728    -2.15    1.69
 -21073.737    17.433    -1.03    1.59
 -20787.314    16.981    -1.58    1.49
 -20500.912    16.826    -0.54    1.41
 -20214.530    16.700    -0.44    1.31
 -19928.170    16.749     0.17    1.25
 -19641.831    16.650    -0.34    1.20
 -19355.513    16.576    -0.26    1.13
 -19069.216    16.363    -0.75    1.11
 -18782.940    16.207    -0.55    1.19
 -18496.685    15.826    -1.33    1.34
 -18210.451    15.445    -1.33    1.55
 -17924.238    15.066    -1.33    1.55
 -17638.046    14.451    -2.15    1.73
 -17351.875    13.836    -2.15    1.68
 -17065.725    13.189    -2.26    1.56
 -16779.596    12.933    -0.90    1.39
 -16493.488    12.572    -1.26    1.35
 -16207.401    12.201    -1.29    1.19
 -15921.335    11.738    -1.62    1.16
 -15635.291    11.625    -0.40    1.22
 -15349.267    11.333    -1.02    1.25
 -15063.264    11.121    -0.74    1.23
 -14777.282    10.983    -0.48    1.15
 -14491.321    10.885    -0.34    1.16
 -14205.381    10.568    -1.11    1.23
 -13919.462    10.297    -0.95    1.21
 -13633.564    10.015    -0.99    1.18
 -13347.687     9.635    -1.33    1.17
 -13061.830     9.533    -0.36    1.70
 -12775.995     9.286    -0.86    1.74
 -12490.181     9.144    -0.49    1.92
 -12204.387     8.716    -1.50    2.30
 -11918.615     8.323    -1.37    2.42
 -11632.864     7.826    -1.74    2.57
 -11347.133     7.650    -0.61    2.93
 -11061.423     7.171    -1.68    2.54
 -10775.734     6.885    -1.00    2.59
 -10490.067     6.250    -2.22    2.34
 -10204.420     6.067    -0.64    2.30
  -9918.793     5.909    -0.56    2.39
  -9633.188     5.674    -0.82    2.39
  -9347.604     5.323    -1.23    2.00
  -9062.040     5.104    -0.77    2.27
  -8776.498     5.328     0.79    2.35
  -8490.976     5.371     0.15    2.60
  -8205.475     4.996    -1.31    2.83
  -7919.995     4.796    -0.70    2.94
  -7634.536     4.470    -1.14    2.99
  -7349.098     4.006    -1.62    2.91
  -7063.681     3.372    -2.22    2.47
  -6778.284     2.897    -1.67    1.70
  -6492.908     2.969     0.25    1.47
  -6207.553     3.040     0.25    1.49
  -5922.219     3.326     1.00    1.63
  -5636.906     3.656     1.16    1.84
  -5351.613     4.278     2.18    2.22
  -5066.342     4.780     1.76    2.20
  -4778.691     4.650    -0.45    2.25
  -4488.863     4.553    -0.34    2.35
  -4199.057     3.909    -2.22    2.75
  -3909.273     3.230    -2.34    2.96
  -3619.510     2.147    -3.74    2.54
  -3329.769     1.104    -3.60    1.89
  -3040.050     0.433    -2.31    1.38
  -2750.353     0.055    -1.31    0.77
  -2460.677    -0.079    -0.46    0.00
  -2171.023    -0.079     0.00    0.00
  -1881.390    -0.079     0.00    0.00
  -1591.779    -0.079     0.00    0.00
  -1302.190    -0.079     0.00    0.00
  -1012.623    -0.079     0.00    0.00
   -723.077    -0.079     0.00    0.00
   -433.553    -0.079     0.00    0.00
   -144.050    -0.079     0.00    0.00
    145.431    -0.079     0.00    0.00
    434.890    -0.079     0.00    0.00
    724.328    -0.079     0.00    0.00
   1013.744    -0.079     0.00    0.00
   1303.138    -0.079     0.00    0.00
   1592.511    -0.079     0.00    0.00
   1881.862    -0.079     0.00    0.00
   2171.192    -0.079     0.00    0.00
   2460.500    -0.079     0.00    0.00
   2749.786    -0.079     0.00    0.00
   3039.051     0.078     0.54    0.72
   3328.294     0.177     0.34    0.86
   3617.516     0.189     0.04    1.12
   3906.716     0.287     0.34    1.42
   4195.895     0.644     1.23    1.80
   4485.051     0.680     0.12    1.83
   4774.187     0.704     0.08    1.89
   5063.301     0.556    -0.51    1.72
   5352.393     0.700     0.50    1.72
   5641.464     0.461    -0.83    1.61
   5930.513     0.183    -0.96    1.41
   6219.541     0.088    -0.33    1.36
   6508.547     0.090     0.01    1.34
   6797.532     0.126     0.13    1.36
   7086.495     0.736     2.11    1.99
   7375.436     1.760     3.55    2.87
   7664.356     2.788     3.56    3.18
   7953.255     4.319     5.30    3.90
   8242.132     5.552     4.27    4.01
   8530.988     6.616     3.68    3.65
   8819.822     7.275     2.28    3.24
   9108.635     7.526     0.87    3.14
   9397.426     7.969     1.53    3.05
   9686.196     8.397     1.48    3.15
   9974.944     8.945     1.90    3.44
  10263.671     9.650     2.44    3.64
  10552.376     9.781     0.45    3.67
  10841.060     9.192    -2.04    4.15
  11129.722     8.130    -3.68    4.73
  11418.363     6.850    -4.44    5.02
  11706.983     5.234    -5.60    4.31
  11995.581     4.234    -3.46    3.60
  12284.158     3.921    -1.09    3.23
  12572.713     4.116     0.68    3.41
  12861.247     4.226     0.38    3.52
  13149.759     4.689     1.61    3.90
  13438.250     5.029     1.18    3.91
  13726.720     5.246     0.75    4.10
  14015.168     4.970    -0.96    4.56
  14303.595     4.701    -0.93    4.81
  14592.001     4.736     0.12    5.05
  14880.385     3.555    -4.09    4.67
  15168.748     3.076    -1.66    4.18
  15457.089     3.343     0.93    4.73
  15745.409     4.266     3.20    4.95
  16033.708     4.374     0.38    4.70
  16321.985     3.956    -1.45    4.85
  16610.241     3.697    -0.90    5.00
  16898.475     3.028    -2.32    4.96
  17186.689     2.560    -1.63    4.63
  17474.881     1.647    -3.17    3.61
  17763.051     1.028    -2.15    2.98
  18051.200     1.043     0.05    2.89
  18339.328     1.104     0.21    2.43
  18627.435     1.494     1.35    2.42
  18915.520     1.808     1.09    2.54
  19203.584     2.371     1.95    2.77
  19491.627     3.683     4.56    3.68
  19779.648     5.156     5.11    4.08
  20067.649     6.872     5.96    4.37
  20355.627     8.994     7.37    5.32
  20643.585    11.572     8.95    5.69
  20931.521    14.150     8.95    5.77
  21219.436    17.028    10.00    5.72
  21507.330    19.969    10.21    5.46
  21795.203    22.945    10.34    5.60
  22083.054    25.071     7.39    5.84
  22370.884    28.391    11.53    6.20
  22658.693    31.254     9.95    6.24
  22946.480    34.150    10.06    6.03
  23234.246    36.543     8.32    5.54
  23521.991    38.872     8.09    4.97
  23809.715    41.296     8.43    4.75
  24097.418    43.769     8.60    4.63
  24385.099    46.409     9.18    5.82
  24672.759    49.501    10.75    6.76
  24960.398    53.421    13.63    8.44
  25248.016    57.733    14.99    9.42
  25535.612    62.214    15.58    9.77
  25823.188    67.230    17.44   10.52
  26110.742    72.740    19.16   10.93
  26398.275    78.138    18.77   10.67
  26685.787    84.305    21.45   12.29
  26973.277    90.540    21.69   13.84
  27260.747    97.186    23.12   14.52
  27548.195   104.474    25.35   14.31
  27835.622   112.203    26.89   13.76
  28123.028   119.086    23.95   12.82
  28410.413   125.088    20.88   11.35
  28697.777   129.742    16.20   10.31
  28985.120   134.873    17.86   10.47
  29272.441   141.384    22.66   12.06
  29559.741   149.021    26.58   16.44
  29847.021   157.726    30.30   20.33
  30134.279   167.775    34.98   23.37
  30421.516   180.006    42.58   24.81
  30708.731   192.909    44.92   24.26
  30995.926   206.177    46.20   22.32
  31283.100   217.970    41.06   19.95
  31570.252   228.653    37.20   18.00
  31857.384   237.884    32.15   15.26
  32144.494   246.299    29.31   13.37
  32431.584   254.159    27.38   13.05
  32718.652   261.078    24.10   12.12
  33005.699   266.480    18.82   10.69
  33292.725   272.003    19.24   10.25
  33579.730   276.438    15.45    9.68
  33866.714   280.281    13.39    8.46
  34153.677   284.109    13.34    7.16
  34440.619   287.647    12.33    7.85
  34727.540   291.692    14.10    7.95
  35014.440   295.017    11.59    7.41
  35301.319   297.635     9.13    7.83
  35588.176   300.555    10.18    8.03
  35875.013   304.311    13.09    7.32
  36161.829   307.775    12.08    7.46
  36448.624   311.271    12.19    7.58
  36735.397   314.758    12.16    7.33
  37022.150   318.708    13.77    7.94
  37308.882   322.415    12.93    8.80
  37595.593   325.983    12.44    8.52
  37882.282   330.596    16.09    9.17
  38168.951   335.242    16.21   10.39
  38455.599   338.726    12.15    9.91
  38742.226   341.379     9.26    8.56
  39028.832   343.754     8.29    7.53
  39315.417   346.564     9.80    6.67
  39601.980   350.021    12.06    6.64
  39888.523   352.121     7.33    7.81
  40175.046   354.338     7.74    9.04
  40461.547   356.326     6.94    9.24
  40748.027   358.367     7.12    8.35
  41034.486   358.873     1.77    7.43
  41320.924   357.716    -4.04    7.81
  41607.342   354.701   -10.53    9.06
  41893.738   351.628   -10.73    9.40
  42180.114   348.984    -9.23    8.61
  42466.468   346.821    -7.55    7.93
  42752.802   345.736    -3.79    8.40
  43039.115   344.604    -3.95    9.26
  43325.407   343.656    -3.31   11.31
  43611.678   341.884    -6.19   13.00
  43897.928   337.872   -14.02   14.85
  44184.158   332.526   -18.68   16.58
  44470.366   324.445   -28.23   17.27
  44756.554   315.714   -30.51   15.73
  45042.720   310.528   -18.12   13.04
  45328.866   308.066    -8.61   11.27
  45614.991   307.198    -3.03   10.40
  45901.095   308.147     3.32   10.60
  46187.179   310.700     8.92   10.27
  46473.241   313.805    10.85    9.75
  46759.283   316.474     9.33    8.69
  47045.303   319.764    11.50   11.26
  47331.303   324.635    17.03   14.96
  47617.282   331.457    23.85   17.60
  47903.241   339.716    28.88   18.60
  48189.178   347.282    26.46   18.52
  48475.095   355.470    28.63   15.45
  48760.991   363.032    26.45   12.53
  49046.866   369.921    24.10   11.38
  49332.720   376.769    23.96   12.37
  49618.554   382.958    21.65   14.72
  49904.366   391.258    29.04   17.99
  50190.158   400.283    31.58   20.79
  50475.930   410.458    35.60   21.84
  50761.680   421.775    39.60   23.24
  51047.410   434.946    46.09   24.61
  51333.119   450.752    55.32   27.11
  51618.807   464.778    49.09   28.49
  51904.474   478.114    46.68   28.50
  52190.121   491.790    47.88   27.85
  52475.747   504.150    43.27   26.76
  52761.352   516.344    42.70   26.57
  53046.936   526.027    33.90   27.98
  53332.500   534.642    30.17   29.96
  53618.043   540.921    21.99   29.65
  53903.565   544.668    13.12   27.78
  54189.067   547.644    10.42   26.06
  54474.548   551.802    14.56   24.35
  54760.008   558.162    22.28   25.92
  55045.447   569.656    40.27   31.33
  55330.866   584.860    53.27   37.71
  55616.264   602.872    63.11   40.15
  55901.642   620.616    62.17   37.76
  56186.998   638.053    61.10   33.57
  56472.334   654.106    56.26   29.95
  56757.650   662.596    29.75   24.65
  57042.944   658.196   -15.42   32.81
  57332.012   642.073   -55.77   48.92
  57621.820   618.275   -82.11   65.37
  57911.607   582.304  -124.12   78.68
  58201.371   540.511  -144.22   79.12
  58491.115   501.078  -136.09   64.59
  58780.837   471.766  -101.17   50.30
  59070.537   451.275   -70.73   36.21
  59360.216   438.796   -43.08   21.03
  59649.873   434.343   -15.37   12.54
  59939.509   435.540     4.13   13.40
  60229.123   440.079    15.67   14.32
  60518.716   445.551    18.89   12.62
  60808.287   449.746    14.49    9.86
  61097.837   452.339     8.95    8.57
  61387.365   453.871     5.29    9.10
  61676.872   456.288     8.35   10.55
  61966.357   459.858    12.33   12.81
  62255.821   465.533    19.61   15.76
  62545.263   473.760    28.42   18.74
  62834.684   483.506    33.67   21.89
  63124.084   497.523    48.43   30.13
  63413.462   515.596    62.45   36.93
  63702.818   536.496    72.23   41.87
  63992.154   555.307    65.01   43.91
  64281.467   576.052    71.70   43.70
  64570.760   596.222    69.72   39.07
  64860.030   612.165    55.11   34.68
  65149.280   623.174    38.06   30.46
  65438.508   628.649    18.93   28.94
  65727.714   620.364   -28.65   36.93
  66016.900   603.121   -59.62   51.05
  66306.063   576.608   -91.68   61.71
  66595.206   544.946  -109.50   65.06
  66884.327   510.872  -117.84   64.43
  67173.427   475.579  -122.07   60.41
  67462.505   440.752  -120.47   58.19
  67751.562   409.572  -107.86   56.05
  68040.597   381.750   -96.25   51.78
  68329.611   357.521   -83.83   44.05
  68618.604   337.305   -69.95   33.99
  68907.576   323.297   -48.47   24.66
  69196.526   312.439   -37.58   16.68
  69485.454   304.969   -25.85   11.46
  69774.362   298.294   -23.10    9.71
  70063.248   292.201   -21.09   11.58
  70352.112   284.822   -25.54   16.08
  70640.956   276.079   -30.27   20.73
  70929.778   265.201   -37.66   24.31
  71218.579   250.270   -51.70   27.07
  71507.358   235.849   -49.94   27.35
  71796.116   220.563   -52.93   25.56
  72084.853   208.402   -42.12   22.42
  72373.569   198.799   -33.26   18.12
  72662.263   191.861   -24.03   12.06
  72950.936   188.547   -11.48    7.01
  73239.588   189.123     1.99    7.72
  73528.218   192.744    12.55   10.92
  73816.827   200.427    26.62   15.35
  74105.415   211.053    36.82   21.43
  74393.982   224.100    45.21   29.43
  74682.527   240.307    56.16   32.89
  74971.051   255.788    53.66   31.98
  75259.554   273.390    61.01   28.79
  75548.036   288.994    54.09   24.82
  75836.496   302.796    47.84   21.38
  76124.935   314.746    41.43   20.43
  76413.353   325.642    37.78   19.80
  76701.750   334.283    29.96   17.77
  76990.126   342.693    29.16   15.05
  77278.480   350.246    26.19   12.48
  77566.813   355.409    17.90    9.72
  77855.125   357.511     7.29    7.52
  78143.416   357.635     0.43    6.66
  78431.685   355.858    -6.16    7.72
  78719.933   351.783   -14.14   11.14
  79008.160   344.873   -23.97   15.94
  79296.366   334.445   -36.18   21.04
  79584.551   320.343   -48.93   27.99
  79872.715   300.511   -68.81   39.64
  80160.857   274.279   -91.03   50.35
  80448.979   247.533   -92.82   54.86
  80737.079   225.237   -77.38   49.54
  81025.158   212.658   -43.66   41.39
  81313.216   213.996     4.64   45.37
  81601.252   227.005    45.16   58.02
  81889.268   251.019    83.37   65.50
  82177.262   275.214    84.01   58.13
  82465.236   297.945    78.93   48.72
  82753.188   309.714    40.87   45.18
  83041.119   315.873    21.39   50.62
  83329.029   314.041    -6.36   54.03
  83616.918   308.333   -19.83   52.48
  83904.786   298.709   -33.43   46.54
  84192.632   293.957   -16.51   40.45
  84480.458   290.262   -12.84   34.68
  84768.263   287.885    -8.26   28.16
  85056.046   284.409   -12.08   22.46
  85343.808   280.740   -12.75   22.28
  85631.550   277.128   -12.55   25.38
  85919.270   271.823   -18.44   29.39
  86206.969   267.477   -15.11   32.79
  86494.647   258.946   -29.65   37.43
  86782.304   249.121   -34.15   40.31
  87069.940   240.250   -30.84   42.97
  87357.555   235.271   -17.31   49.50
  87645.149   229.859   -18.82   56.93
  87932.722   222.946   -24.04   62.77
  88220.274   210.463   -43.41   65.74
  88507.805   194.421   -55.79   61.22
  88795.315   176.849   -61.11   48.52
  89082.804   163.046   -48.01   33.48
  89370.272   152.433   -36.91   24.49
  89657.719   145.391   -24.50   22.82
  89945.144   139.861   -19.24   22.65
  90232.549   134.445   -18.84   23.38
  90519.933   127.993   -22.45   23.96
  90807.296   122.168   -20.27   24.89
  91094.638   115.196   -24.26   26.44
  91381.959   107.225   -27.74   28.33
  91669.259   100.571   -23.16   28.53
  91956.538    93.721   -23.84   25.91
  92243.796    91.837    -6.56   24.15
  92531.033    95.250    11.88   29.91
  92818.249   106.482    39.10   43.99
  93105.445   126.848    70.91   55.46
  93392.619   150.677    82.97   56.87
  93679.772   170.813    70.12   48.85
  93966.905   188.090    60.17   35.80
  94254.016   196.752    30.17   25.33
  94541.107   197.409     2.29   23.09
  94828.177   195.816    -5.55   21.53
  95115.225   192.356   -12.05   17.81
  95402.253   188.331   -14.02   18.56
  95689.260   185.126   -11.17   21.97
  95976.246   177.560   -26.36   26.75
  96263.211   163.415   -49.29   33.46
  96550.156   143.983   -67.72   34.36
  96837.079   129.131   -51.76   29.94
  97123.982   124.083   -17.59   28.80
  97410.863   130.377    21.93   39.24
  97697.724   146.972    57.85   52.43
  97984.564   167.782    72.54   58.05
  98271.383   197.326   103.00   55.56
  98558.181   228.508   108.72   48.94
  98844.959   247.704    66.93   37.05
  99131.715   256.837    31.84   30.04
  99418.451   255.659    -4.11   29.12
  99705.166   249.850   -20.26   27.47
  99991.860   240.114   -33.96   27.40
 100278.533   227.356   -44.50   26.64
 100565.186   217.188   -35.47   35.09
 100851.817   211.307   -20.52   40.50
 101138.428   209.656    -5.76   48.31
 101425.018   211.994     8.16   53.26
 101711.587   208.799   -11.15   56.97
 101998.136   204.031   -16.64   57.56
 102284.663   207.328    11.51   54.93
 102571.170   213.409    21.22   54.32
 102857.656   212.055    -4.72   53.31
 103144.122   206.055   -20.94   49.80
 103430.566   201.033   -17.53   47.74
 103716.990   200.408    -2.18   46.11
 104003.393   198.453    -6.83   41.85
 104289.775   195.833    -9.14   36.35
 104576.137   193.683    -7.51   33.69
 104862.477   198.604    17.18   38.12
 105148.797   207.752    31.95   42.18
 105435.097   222.198    50.45   51.79
 105721.375   243.355    73.90   65.59
 106007.633   263.146    69.13   73.28
 106293.870   282.646    68.12   74.95
 106580.086   296.475    48.31   69.89
 106866.282   302.314    20.40   67.19
 107152.457   301.970    -1.20   70.81
 107438.611   289.653   -43.04   72.80
 107724.745   266.822   -79.78   66.26
 108010.858   242.096   -86.41   54.81
 108296.950   221.377   -72.41   43.35
 108583.021   210.032   -39.65   39.69
 108869.072   198.665   -39.73   39.49
 109155.102   187.451   -39.20   36.99
 109441.112   177.307   -35.47   31.12
 109727.100   169.043   -28.89   28.42
 110013.068   162.452   -23.05   24.68
 110299.016   156.858   -19.56   20.20
 110584.943   153.133   -13.02   16.32
 110870.849   156.811    12.86   20.73
 111156.735   164.653    27.43   27.62
 111442.599   176.262    40.61   37.00
 111728.444   191.897    54.69   42.52
 112014.267   206.511    51.12   38.53
 112300.070   218.508    41.97   31.81
 112585.853   224.858    22.22   26.30
 112871.615   227.458     9.09   25.38
 113157.356   229.186     6.05   25.59
 113443.076   227.246    -6.79   28.43
 113728.776   224.475    -9.70   33.81
 114014.456   211.205   -46.45   43.44
 114300.114   193.146   -63.21   54.02
 114585.753   169.377   -83.21   63.62
 114871.370   139.771  -103.64   67.79
 115156.967   107.383  -113.39   60.49
 115442.544    80.579   -93.85   51.24
 115728.100    56.897   -82.93   39.18
 116013.635    41.799   -52.87   26.31
 116299.150    32.328   -33.17   15.00
 116584.644    28.193   -14.48    8.15
 116870.118    27.033    -4.06    7.34
 117155.571    27.555     1.83    7.88
 117441.004    29.331     6.22    9.24
 117726.416    32.299    10.40   12.52
 118011.807    35.109     9.85   15.20
 118297.178    36.909     6.31   15.38
 118582.529    38.158     4.38   14.52
 118867.859    38.158     0.00   12.20
 119153.819    37.847    -1.09   10.03
 119443.650    39.314     5.06    9.04
 119733.459    41.090     6.13    9.19
 120023.246    43.196     7.27    9.27
 120313.013    46.389    11.02    9.82
 120602.758    48.152     6.08    9.02
 120892.481    47.959    -0.67    8.93
 121182.184    46.758    -4.14    8.70
 121471.865    45.121    -5.65    7.83
 121761.524    44.279    -2.91    6.49
 122051.163    44.174    -0.36    6.31
 122340.779    44.053    -0.42    6.89
 122630.375    43.897    -0.54    8.11
 122919.949    42.838    -3.66   10.38
 123209.502    41.386    -5.01   13.83
 123499.034    38.596    -9.64   15.24
 123788.544    35.788    -9.70   15.29
 124078.033    33.649    -7.39   14.38
 124367.501    33.217    -1.49   15.77
 124656.947    33.718     1.73   19.05
 124946.372    35.439     5.95   22.49
 125235.776    37.287     6.38   25.33
 125525.159    41.584    14.85   27.41
 125814.520    47.304    19.77   27.87
 126103.860    55.402    27.99   31.44
 126393.179    72.483    59.03   45.37
 126682.476    97.714    87.20   57.19
 126971.752   117.656    68.93   57.80
 127261.007   128.053    35.94   60.24
 127550.241   124.062   -13.80   71.06
 127839.454   107.409   -57.57   87.95
 128128.645    83.162   -83.83   96.16
 128417.815    45.560  -130.02   84.47
 128706.964    11.029  -119.41   53.49
 128996.091    -8.981   -69.20   22.62
 129285.197   -15.079   -21.09    0.00
 129574.283   -15.079     0.00    0.00
 129863.346   -15.028     0.18    0.45
 130152.389   -14.776     0.87    1.38
 130441.411   -14.370     1.41    2.82
 130730.411   -14.142     0.79    3.06
 131019.390   -13.872     0.94    3.14
 131308.348   -13.308     1.95    3.22
 131597.285   -12.983     1.13    2.51
 131886.200   -12.067     3.17    3.22
 132175.095    -9.992     7.18    5.97
 132463.968    -8.591     4.85    6.41
 132752.820    -6.921     5.78    6.70
 133041.651    -5.449     5.09    6.86
 133330.461    -4.079     4.74    6.56
 133619.250    -2.848     4.26    6.07
 133908.017    -2.679     0.59    6.12
 134196.764    -3.404    -2.51    5.21
 134485.489    -4.372    -3.35    5.08
 134774.193    -4.347     0.08    4.87
 135062.876    -4.486    -0.48    4.41
 135351.538    -4.696    -0.73    4.04
 135640.179    -4.375     1.11    3.96
 135928.798    -3.713     2.29    3.95
 136217.397    -2.969     2.58    4.29
 136505.974    -1.706     4.38    4.50
 136794.531    -0.416     4.47    4.59
 137083.066     1.135     5.38    4.74
 137371.580     2.909     6.15    5.35
 137660.074     5.162     7.81    5.85
 137948.546     5.427     0.92    7.35
 138236.997     5.057    -1.28    8.45
 138525.427     5.108     0.18    8.96
 138813.836     5.453     1.19   10.02
 139102.223     7.998     8.82   12.90
 139390.590    10.791     9.69   14.78
 139678.936    13.744    10.24   16.03
 139967.261    17.377    12.60   14.83
 140255.564    17.348    -0.10   14.98
 140543.847    15.567    -6.18   16.02
 140832.109    12.254   -11.49   15.14
 141120.349     9.872    -8.26   12.57
 141408.569    10.102     0.80   13.68
 141696.768    12.403     7.99   17.12
 141984.945    17.222    16.72   19.76
 142273.102    24.458    25.11   23.92
 142561.238    30.563    21.19   25.47
 142849.352    37.771    25.01   28.07
 143137.446    48.529    37.34   33.35
 143425.519    64.143    54.20   46.38
 143713.570    79.897    54.68   52.17
 144001.601    92.384    43.35   51.55
 144289.611   101.538    31.78   46.87
 144577.600   108.491    24.14   42.27
 144865.567   111.246     9.57   39.07
 145153.514   109.118    -7.39   37.45
 145441.440    99.872   -32.11   34.37
 145729.345    89.775   -35.07   32.93
 146017.229    79.671   -35.09   32.48
 146305.093    70.896   -30.48   31.34
 146592.935    64.083   -23.67   30.36
 146880.756    52.531   -40.13   25.57
 147168.557    43.584   -31.08   22.48
 147456.336    38.677   -17.05   20.35
 147744.095    37.333    -4.67   18.53
 148031.832    38.453     3.89   18.65
 148319.549    40.843     8.31   19.39
 148607.245    44.136    11.44   19.88
 148894.920    47.396    11.33   18.53
 149182.574    51.471    14.16   14.81
 149470.207    54.378    10.10   12.34
 149757.820    57.092     9.43   11.15
 150045.411    57.776     2.38   10.47
 150332.982    55.993    -6.20   11.34
 150620.532    53.604    -8.31   12.12
 150908.061    51.307    -7.99   13.09
 151195.569    50.754    -1.92   12.89
 151483.056    50.528    -0.79   13.41
 151770.523    52.350     6.34   14.59
 152057.968    53.677     4.62   15.38
 152345.393    56.945    11.37   16.10
 152632.797    58.704     6.12   15.89
 152920.180    59.970     4.41   15.85
 153207.542    61.526     5.41   14.36
 153494.884    64.771    11.29   12.30
 153782.204    66.794     7.04   11.57
 154069.504    68.671     6.53   11.05
 154356.783    71.351     9.33   11.60
 154644.042    75.630    14.89   10.77
 154931.279    80.156    15.75   11.38
 155218.496    85.701    19.31   15.14
 155505.692    92.560    23.88   21.45
 155792.867    99.752    25.04   26.52
 156080.021   103.993    14.77   29.19
 156367.155   106.627     9.17   30.42
 156654.268   107.945     4.59   32.65
 156941.360   104.872   -10.70   33.76
 157228.431    98.945   -20.64   31.44
 157515.482    92.445   -22.64   22.97
 157802.512    89.153   -11.47   14.96
 158089.521    89.057    -0.33   13.16
 158376.510    91.397     8.15   12.99
 158663.477    92.884     5.18   12.33
 158950.424    93.758     3.05   10.83
 159237.351    93.971     0.74    9.86
 159524.256    94.503     1.85   10.13
 159811.141    95.998     5.21   10.18
 160098.005    97.088     3.80    9.83
 160384.849    97.168     0.28    9.46
 160671.672    96.861    -1.07    9.60
 160958.474    95.945    -3.19    9.63
 161245.255    94.909    -3.61    6.94
 161532.016    93.083    -6.36    6.02
 161818.756    91.186    -6.62    6.27
 162105.475    89.492    -5.91    6.61
 162392.174    88.217    -4.45    7.32
 162678.852    87.637    -2.02    7.83
 162965.510    86.477    -4.05    8.56
 163252.146    85.546    -3.25    8.82
 163538.763    85.546     0.00    9.12
 163825.358    87.662     7.38   10.97
 164111.933    92.006    15.16   14.55
 164398.487    99.458    26.00   20.74
 164685.021   109.783    36.03   26.63
 164971.534   122.225    43.42   30.78
 165258.026   135.161    45.15   31.34
 165544.498   145.807    37.16   27.85
 165830.949   153.625    27.29   24.22
 166117.380   156.514    10.08   22.83
 166403.790   156.644     0.45   20.50
 166690.179   158.427     6.23   22.46
 166976.548   169.958    40.26   38.65
 167262.896   187.736    62.07   51.66
 167549.224   210.572    79.74   67.64
 167835.531   234.189    82.48   77.76
 168121.817   258.304    84.22   84.72
 168408.083   279.313    73.38   93.72
 168694.329   292.845    47.27  103.41
 168980.553   303.485    37.17  116.92
 169266.758   308.883    18.86  132.45
 169552.941   321.104    42.69  145.89
 169839.105   335.262    49.47  159.27
 170125.247   350.596    53.58  170.01
 170411.369   375.758    87.93  179.75
 170697.471   394.592    65.82  178.24
 170983.552   401.288    23.40  172.77
 171269.613   390.254   -38.57  162.59
 171555.653   382.640   -26.61  147.97
 171841.672   371.547   -38.78  126.06
 172127.671   365.775   -20.18   99.17
 172413.650   357.171   -30.08   71.61
 172699.608   354.533    -9.22   50.69
 172985.545   358.933    15.38   42.15
 173271.462   371.452    43.78   36.61
 173557.359   382.773    39.59   30.91
 173843.235   392.972    35.67   29.68
 174129.091   404.177    39.19   27.94
 174414.926   414.972    37.76   25.48
 174700.741   425.046    35.24   23.69
 174986.535   435.230    35.63   24.73
 175272.309   444.128    31.13   25.50
 175558.062   453.711    33.53   24.29
 175843.795   458.821    17.88   22.14
 176129.507   461.326     8.77   18.96
 176415.200   463.318     6.97   14.11
 176700.871   464.326     3.53   11.12
 176986.522   463.397    -3.25   14.42
 177272.153   460.788    -9.13   19.75
 177557.764   455.258   -19.36   25.93
 177843.353   448.267   -24.48   30.22
 178128.923   441.921   -22.22   33.02
 178414.472   435.032   -24.12   34.40
 178700.001   425.477   -33.46   35.71
 178985.509   418.658   -23.88   35.25
 179270.997   416.370    -8.01   33.65
 179556.465   417.238     3.04   28.27
 179841.912   413.921   -11.62   23.56
 180127.339   409.660   -14.93   21.72
