-311296.218   588.689     0.00   32.17
-311007.717   597.942    32.07   43.29
-310719.194   613.144    52.67   57.85
-310430.651   626.570    46.52   65.54
-310142.087   646.507    69.07   76.71
-309853.501   669.709    80.38   92.54
-309564.894   695.762    90.25  111.47
-309276.266   721.007    87.44  123.48
-308987.617   743.682    78.53  127.10
-308698.947   759.080    53.33  124.13
-308410.255   759.760     2.36  122.36
-308121.542   746.995   -44.20  121.75
-307832.809   723.217   -82.33  109.27
-307544.054   705.215   -62.33   84.12
-307255.277   699.513   -19.74   63.55
-306966.480   712.032    43.34   64.10
-306677.661   735.157    80.05   73.76
-306388.821   764.527   101.65   71.98
-306099.960   793.921   101.73   66.75
-305811.078   815.850    75.89   61.99
-305522.175   822.236    22.10   64.32
-305233.250   818.101   -14.31   71.68
-304944.304   803.242   -51.41   79.00
-304655.337   774.513   -99.39   84.47
-304366.349   742.754  -109.87   82.19
-304077.339   714.197   -98.78   77.70
-303788.308   689.385   -85.82   73.13
-303499.256   667.155   -76.88   64.62
-303210.182   647.345   -68.51   55.86
-302921.088   636.362   -37.98   51.04
-302631.972   630.880   -18.96   49.63
-302342.835   623.792   -24.50   47.42
-302053.676   618.590   -17.99   45.58
-301764.496   611.425   -24.77   42.00
-301475.295   603.275   -28.17   38.78
-301186.073   596.947   -21.88   32.81
-300896.829   589.352   -26.25   25.17
-300607.564   584.446   -16.96   19.82
-300318.278   580.152   -14.84   18.38
-300028.970   576.489   -12.66   18.63
-299739.641   571.634   -16.78   19.12
-299450.291   567.080   -15.73   19.88
-299160.919   562.873   -14.54   20.96
-298871.526   556.748   -21.16   21.41
-298582.112   553.463   -11.35   24.59
-298292.677   551.007    -8.48   29.99
-298003.220   547.946   -10.57   32.16
-297713.741   543.373   -15.79   30.27
-297424.242   540.166   -11.08   28.53
-297134.721   534.514   -19.52   23.26
-296845.178   527.983   -22.55   17.19
-296555.615   523.185   -16.56   14.25
-296266.029   518.621   -15.76   13.52
-295976.423   514.277   -15.00   14.24
-295686.795   510.555   -12.85   14.70
-295397.146   506.412   -14.30   11.88
-295107.475   505.718    -2.39   13.19
-294817.783   510.897    17.87   25.45
-294528.069   524.911    48.36   51.98
-294238.334   549.897    86.22   85.56
-293952.788   582.910   115.58  116.61
-293667.554   610.239    95.79  130.06
-293382.300   635.682    89.17  139.96
-293097.026   652.420    58.66  146.54
-292811.731   654.261     6.45  152.30
-292526.415   633.595   -72.41  154.14
-292241.079   604.995  -100.21  146.68
-291955.722   569.818  -123.24  132.17
-291670.345   535.556  -120.03  115.79
-291384.947   509.532   -91.16   97.28
-291099.528   484.826   -86.54   77.02
-290814.089   465.316   -68.33   58.08
-290528.630   450.140   -53.15   41.38
-290243.149   441.923   -28.78   30.08
-289957.648   438.866   -10.71   24.75
-289672.127   437.007    -6.51   21.56
-289386.585   436.875    -0.46   20.22
-289101.022   438.814     6.79   20.51
-288815.439   443.862    17.67   24.07
-288529.835   449.947    21.30   25.90
-288244.210   454.873    17.24   25.06
-287958.565   457.239     8.28   23.79
-287672.899   459.056     6.36   22.24
-287387.213   464.983    20.74   25.14
-287101.506   473.922    31.28   33.16
-286815.778   492.230    64.06   52.14
-286530.029   516.970    86.56   72.47
-286244.260   540.195    81.25   76.56
-285958.470   561.349    74.00   70.33
-285672.660   573.395    42.13   64.82
-285386.829   569.155   -14.83   68.14
-285100.977   554.773   -50.30   75.93
-284815.105   540.188   -51.01   81.69
-284529.211   524.935   -53.34   82.66
-284243.298   501.293   -82.67   73.22
-283957.363   473.507   -97.15   50.20
-283671.408   458.795   -51.44   37.99
-283385.432   449.007   -34.22   27.87
-283099.435   450.197     4.16   35.57
-282813.418   455.412    18.23   43.72
-282527.379   463.441    28.06   49.81
-282241.321   471.983    29.85   55.79
-281955.241   484.117    42.40   61.07
-281669.141   487.620    12.24   60.53
-281383.019   485.007    -9.13   64.06
-281096.878   470.736   -49.86   61.90
-280810.715   454.742   -55.88   55.58
-280524.532   439.555   -53.06   48.57
-280238.328   428.549   -38.44   45.66
-279952.103   420.178   -29.24   43.78
-279665.857   412.946   -25.26   40.02
-279379.591   402.679   -35.86   30.82
-279093.303   397.168   -19.24   27.07
-278806.995   395.946    -4.27   27.30
-278520.667   395.947     0.00   27.55
-278234.317   392.007   -13.76   21.66
-277947.947   389.666    -8.17   21.15
-277661.556   384.995   -16.30   17.94
-277375.144   381.232   -13.13   14.38
-277088.711   378.445    -9.73   12.03
-276802.257   376.332    -7.37   10.05
-276515.783   373.340   -10.44    9.93
-276229.287   370.152   -11.13   10.72
-275942.771   367.873    -7.95   12.05
-275656.234   368.257     1.34   13.64
-275369.677   370.120     6.50   20.16
-275083.098   374.482    15.22   25.19
-274796.498   382.691    28.63   29.75
-274509.878   392.595    34.55   29.89
-274223.237   400.045    25.98   30.18
-273936.575   404.300    14.84   28.88
-273649.892   405.556     4.38   26.99
-273363.188   404.275    -4.47   25.93
-273076.463   397.417   -23.92   27.62
-272789.718   388.763   -30.17   30.45
-272502.951   377.477   -39.35   35.02
-272216.164   365.400   -42.10   36.53
-271929.355   354.233   -38.92   38.12
-271642.526   342.642   -40.40   36.14
-271355.676   331.757   -37.94   33.56
-271068.805   322.266   -33.08   30.83
-270781.913   312.079   -35.50   29.01
-270495.000   303.272   -30.69   30.01
-270208.067   295.730   -26.28   32.16
-269921.112   290.447   -18.40   34.25
-269634.136   284.556   -20.52   33.69
-269347.139   278.353   -21.61   33.02
-269060.122   272.007   -22.10   31.96
-268773.083   267.807   -14.63   31.10
-268486.024   264.745   -10.67   30.29
-268198.943   260.792   -13.76   28.27
-267911.842   255.427   -18.68   25.70
-267624.720   251.782   -12.69   23.26
-267337.576   247.699   -14.22   19.76
-267050.412   245.152    -8.87   16.81
-266763.227   242.935    -7.72   15.31
-266476.020   240.305    -9.16   14.41
-266188.793   236.995   -11.52   12.15
-265901.545   235.420    -5.48   11.27
-265614.275   233.609    -6.30    9.77
-265326.985   232.912    -2.43    9.12
-265039.674   232.489    -1.47    9.13
-264752.341   232.824     1.17   10.17
-264464.988   233.697     3.04   10.89
-264177.613   235.812     7.36   13.25
-263890.218   238.122     8.03   15.85
-263602.801   241.895    13.13   19.68
-263315.364   246.695    16.70   22.71
-263027.905   253.544    23.82   25.30
-262740.425   261.814    28.76   27.54
-262452.925   269.788    27.73   27.14
-262165.403   277.312    26.16   25.80
-261877.860   284.958    26.59   23.39
-261590.296   291.788    23.74   20.68
-261302.711   297.674    20.46   20.30
-261015.105   303.899    21.64   20.44
-260727.478   309.769    20.40   20.90
-260439.829   314.630    16.90   21.94
-260152.160   319.483    16.87   22.24
-259864.469   324.054    15.88   21.63
-259576.758   328.658    16.00   20.85
-259289.025   333.067    15.32   20.25
-259001.271   336.826    13.06   19.49
-258713.496   339.126     7.99   18.96
-258425.700   341.032     6.62   17.86
-258137.883   342.069     3.60   17.63
-257850.044   343.795     5.99   16.78
-257562.185   344.120     1.13   16.89
-257274.304   344.145     0.09   17.19
-256986.402   344.907     2.65   18.74
-256698.479   346.205     4.50   19.17
-256410.535   347.328     3.90   20.36
-256122.570   348.224     3.11   20.45
-255834.583   350.328     7.31   20.54
-255546.576   353.718    11.77   20.51
-255258.547   359.224    19.11   22.53
-254970.497   366.470    25.15   23.34
-254682.426   373.670    24.99   24.66
-254394.333   382.718    31.40   24.60
-254106.219   391.236    29.56   24.69
-253818.085   397.381    21.32   26.63
-253529.929   403.300    20.54   29.09
-253241.751   409.732    22.32   30.65
-252953.553   412.861    10.85   30.83
-252665.333   416.514    12.67   28.30
-252377.092   414.657    -6.44   27.64
-252088.830   409.682   -17.25   27.24
-251800.546   402.605   -24.55   27.07
-251512.242   393.884   -30.24   26.75
-251223.916   383.626   -35.57   26.51
-250935.568   372.412   -38.88   26.50
-250647.200   360.900   -39.91   25.91
-250358.810   348.670   -42.40   27.56
-250070.399   336.313   -42.84   30.68
-249781.967   321.216   -52.33   34.18
-249493.513   304.513   -57.89   36.44
-249205.038   290.224   -49.52   36.12
-248916.542   274.983   -52.82   34.25
-248628.025   262.429   -43.50   30.20
-248339.486   250.082   -42.78   25.57
-248050.926   240.489   -33.24   22.88
-247762.345   231.785   -30.15   21.46
-247473.742   224.356   -25.73   21.47
-247185.118   217.328   -24.35   21.91
-246896.472   209.007   -28.82   20.80
-246607.806   200.215   -30.45   20.43
-246319.118   191.254   -31.03   18.74
-246030.408   183.446   -27.04   17.55
-245741.678   176.793   -23.04   15.99
-245452.926   172.055   -16.40   14.80
-245164.152   168.513   -12.26   14.89
-244875.357   165.560   -10.22   15.93
-244586.541   163.948    -5.58   16.61
-244297.704   161.748    -7.62   16.81
-244008.845   159.495    -7.80   14.62
-243719.965   157.742    -6.07   13.67
-243431.063   155.200    -8.80   12.82
-243142.140   153.336    -6.45   12.63
-242853.195   151.105    -7.72   12.54
-242564.230   149.055    -7.09   11.64
-242275.242   147.291    -6.10   10.63
-241986.234   145.720    -5.44   10.48
-241697.203   144.107    -5.58   11.13
-241408.152   141.982    -7.35   13.04
-241119.079   137.702   -14.80   16.67
-240829.985   132.983   -16.32   19.98
-240540.869   126.332   -23.00   21.00
-240251.732   119.913   -22.20   19.81
-239962.573   112.901   -24.24   15.57
-239673.393   107.745   -17.83    9.99
-239384.191   103.850   -13.46    7.11
-239094.968   100.783   -10.60    6.61
-238805.723    98.344    -8.43    7.30
-238516.457    95.585    -9.54    8.07
-238227.170    91.995   -12.41    8.07
-237937.861    88.093   -13.49    7.62
-237648.530    84.732   -11.61    7.95
-237359.178    81.457   -11.32    8.30
-237069.805    78.514   -10.17    8.55
-236780.410    75.304   -11.09    8.58
-236490.994    71.895   -11.78    8.21
-236201.556    68.810   -10.66    7.56
-235912.096    66.272    -8.77    6.14
-235622.615    64.236    -7.03    4.46
-235333.112    62.983    -4.33    3.82
-235043.588    62.257    -2.51    3.65
-234754.043    62.045    -0.73    3.94
-234464.476    62.585     1.87    4.46
-234174.887    62.959     1.29    4.81
-233885.277    63.079     0.42    4.85
-233595.645    63.489     1.41    4.89
-233305.991    63.932     1.53    4.67
-233016.316    63.933     0.01    4.60
-232726.620    63.279    -2.26    4.34
-232436.902    62.807    -1.63    3.92
-232148.177    62.245    -1.95    3.29
-231862.986    62.645     1.40    3.12
-231577.773    63.081     1.53    2.95
-231292.540    63.551     1.64    2.49
-231007.287    63.971     1.47    2.71
-230722.012    63.924    -0.17    2.90
-230436.717    63.754    -0.59    3.06
-230151.401    63.614    -0.49    3.06
-229866.065    63.745     0.46    3.20
-229580.707    64.030     1.00    3.98
-229295.329    64.807     2.72    5.01
-229009.930    65.739     3.27    5.87
-228724.511    65.971     0.81    6.42
-228439.071    64.805    -4.09    7.67
-228153.610    62.128    -9.38   10.24
-227868.128    57.802   -15.15   12.01
-227582.625    52.730   -17.76   12.89
-227297.102    47.154   -19.53   12.17
-227011.558    42.188   -17.39   10.71
-226725.993    38.263   -13.74    8.46
-226440.408    36.068    -7.68    5.95
-226154.801    36.190     0.43    6.02
-225869.174    37.718     5.35    7.58
-225583.526    40.304     9.05    8.91
-225297.857    43.557    11.39    9.06
-225012.168    47.395    13.43    8.09
-224726.457    50.679    11.49    6.15
-224440.726    53.349     9.34    5.17
-224154.974    55.723     8.31    5.95
-223869.201    58.588    10.02    7.86
-223583.408    61.031     8.55    8.42
-223297.593    63.162     7.45    9.09
-223011.758    64.609     5.06    9.69
-222725.902    65.769     4.05   10.01
-222440.025    65.393    -1.32   10.78
-222154.127    64.295    -3.84   11.49
-221868.208    61.332   -10.36   13.00
-221582.269    58.412   -10.21   13.98
-221296.308    54.138   -14.94   13.35
-221010.327    50.103   -14.10   11.79
-220724.325    46.007   -14.32    9.72
-220438.302    42.549   -12.09    7.68
-220152.258    40.417    -7.45    6.64
-219866.193    38.910    -5.27    5.94
-219580.108    37.482    -4.99    5.30
-219294.001    36.232    -4.37    4.55
-219007.874    35.270    -3.36    3.92
-218721.725    34.946    -1.13    3.59
-218435.556    34.824    -0.43    3.26
-218149.366    34.682    -0.50    2.98
-217863.154    34.763     0.28    2.87
-217576.922    34.922     0.55    2.55
-217290.669    35.242     1.12    2.49
-217004.395    35.079    -0.57    2.79
-216718.101    34.775    -1.06    3.36
-216431.785    34.019    -2.64    3.64
-216145.448    33.626    -1.37    4.09
-215859.090    33.185    -1.54    4.37
-215572.712    32.924    -0.91    4.83
-215286.312    32.685    -0.84    5.12
-214999.891    32.565    -0.42    5.12
-214713.450    32.466    -0.35    5.23
-214426.987    32.459    -0.02    4.96
-214140.504    32.429    -0.11    4.59
-213853.999    32.609     0.63    4.44
-213567.474    32.876     0.93    4.67
-213280.927    33.162     1.00    4.70
-212994.359    33.580     1.46    4.78
-212707.771    33.836     0.89    4.99
-212421.161    34.415     2.02    5.10
-212134.531    34.357    -0.20    5.01
-211847.879    33.857    -1.74    5.05
-211561.207    33.220    -2.22    4.84
-211274.513    32.971    -0.87    4.93
-210987.798    32.373    -2.08    4.85
-210701.062    32.239    -0.47    4.62
-210414.306    32.068    -0.60    4.49
-210127.528    32.150     0.28    4.40
-209840.729    32.115    -0.12    4.19
-209553.909    32.102    -0.05    3.92
-209267.068    32.067    -0.12    3.59
-208980.206    32.357     1.01    3.14
-208693.323    32.145    -0.74    3.00
-208406.418    32.164     0.07    2.97
-208119.493    31.971    -0.67    2.62
-207832.546    31.805    -0.58    2.44
-207545.579    31.745    -0.21    2.27
-207258.590    31.453    -1.02    2.11
-206971.581    31.465     0.04    2.00
-206684.550    31.166    -1.04    2.04
-206397.498    30.824    -1.19    2.12
-206110.425    30.653    -0.60    2.02
-205823.330    30.257    -1.38    1.95
-205536.215    29.970    -1.00    1.75
-205249.079    29.797    -0.60    1.76
-204961.921    29.429    -1.28    1.52
-204674.742    28.958    -1.64    1.64
-204387.542    28.532    -1.49    1.60
-204100.321    28.019    -1.78    1.50
-203813.079    27.609    -1.42    1.48
-203525.815    27.284    -1.13    1.49
-203238.531    27.019    -0.92    1.55
-202951.225    26.689    -1.15    1.62
-202663.898    26.146    -1.89    1.88
-202376.550    25.673    -1.65    1.93
-202089.181    25.266    -1.42    1.97
-201801.790    24.802    -1.61    1.97
-201514.379    24.483    -1.11    1.95
-201226.946    24.381    -0.36    2.06
-200939.492    24.501     0.42    2.45
-200652.016    24.649     0.52    2.59
-200364.520    24.822     0.60    2.76
-200077.002    25.200     1.31    2.92
-199789.463    25.706     1.76    3.03
-199501.903    26.328     2.16    3.24
-199214.321    26.935     2.11    3.29
-198926.718    27.812     3.05    3.44
-198639.094    28.649     2.91    3.36
-198351.449    29.336     2.39    3.14
-198063.783    30.091     2.62    2.98
-197776.095    30.709     2.15    2.61
-197488.386    30.935     0.79    2.61
-197200.656    31.316     1.32    2.57
-196912.904    31.889     1.99    2.41
-196625.131    32.581     2.40    2.38
-196337.337    33.113     1.85    2.13
-196049.522    33.371     0.90    1.85
-195761.685    33.501     0.45    1.53
-195473.827    33.718     0.75    1.47
-195185.947    33.875     0.54    1.24
-194898.047    33.935     0.21    1.29
-194610.125    34.068     0.46    1.26
-194322.181    34.471     1.40    1.40
-194034.217    34.899     1.49    1.48
-193746.231    35.361     1.60    1.71
-193458.224    35.711     1.22    1.82
-193170.195    36.045     1.16    1.78
-192882.145    36.400     1.23    1.88
-192594.074    36.838     1.52    1.78
-192305.981    37.284     1.55    1.78
-192017.867    37.566     0.98    1.67
-191729.731    37.828     0.91    1.57
-191441.574    37.971     0.50    1.54
-191153.396    38.336     1.27    1.44
-190865.197    38.693     1.24    1.40
-190576.976    38.960     0.93    1.38
-190288.733    39.079     0.41    1.39
-190000.469    39.466     1.34    1.51
-189712.184    39.876     1.42    1.77
-189423.878    40.424     1.90    1.87
-189135.550    41.031     2.11    2.42
-188847.200    41.910     3.05    2.81
-188558.829    42.678     2.66    3.05
-188270.437    43.514     2.90    2.92
-187982.023    44.120     2.10    2.52
-187693.588    44.545     1.47    2.16
-187405.132    44.834     1.00    1.92
-187116.654    44.812    -0.08    1.93
-186828.154    45.055     0.84    1.82
-186539.633    45.316     0.91    1.78
-186251.091    45.682     1.27    2.06
-185962.527    46.245     1.95    2.25
-185673.942    46.924     2.35    2.48
-185385.335    47.583     2.28    2.96
-185096.706    48.233     2.25    3.32
-184808.057    49.019     2.72    3.47
-184519.385    49.460     1.53    3.50
-184230.692    49.748     1.00    3.50
-183941.978    49.850     0.35    3.37
-183653.242    49.983     0.46    3.20
-183364.485    50.254     0.94    3.02
-183075.706    50.489     0.81    2.96
-182786.906    50.732     0.84    2.79
-182498.084    50.695    -0.13    2.47
-182209.240    50.859     0.57    2.33
-181920.375    51.080     0.77    2.22
-181631.489    51.654     1.98    2.35
-181342.581    52.105     1.56    2.60
-181053.651    52.424     1.10    2.62
-180764.700    52.483     0.21    2.74
-180475.727    52.638     0.54    3.00
-180186.733    52.828     0.66    3.15
-179897.717    52.721    -0.37    3.60
-179608.679    51.959    -2.64    3.41
-179319.620    51.171    -2.72    3.28
-179030.540    50.239    -3.22    3.16
-178741.437    48.899    -4.64    3.41
-178452.313    47.646    -4.33    3.51
-178163.168    46.341    -4.51    3.49
-177874.001    45.275    -3.68    3.50
-177584.812    44.432    -2.91    3.07
-177295.602    43.332    -3.80    2.51
-177006.370    42.629    -2.43    2.34
-176717.116    42.129    -1.73    2.41
-176427.841    41.519    -2.11    2.43
-176138.544    40.983    -1.85    2.29
-175849.226    40.459    -1.81    2.02
-175559.886    39.864    -2.06    1.82
-175270.524    39.447    -1.44    1.75
-174981.140    39.089    -1.24    1.58
-174691.735    39.043    -0.16    1.55
-174402.308    39.102     0.21    1.59
-174112.860    39.126     0.08    1.59
-173823.390    39.135     0.03    1.58
-173533.898    39.138     0.01    1.51
-173244.384    39.245     0.37    1.50
-172954.849    39.180    -0.22    1.45
-172665.292    39.105    -0.26    1.39
-172375.713    39.131     0.09    1.40
-172086.113    39.220     0.31    1.36
-171796.491    39.445     0.78    1.60
-171506.847    39.910     1.60    1.93
-171217.181    40.361     1.56    2.23
-170927.494    41.102     2.56    2.80
-170637.785    42.124     3.53    2.98
-170348.054    43.066     3.25    3.50
-170060.661    43.519     1.58    3.67
-169775.491    43.466    -0.19    3.99
-169490.301    42.924    -1.90    4.25
-169205.090    41.913    -3.55    4.44
-168919.858    40.585    -4.65    4.26
-168634.605    39.140    -5.07    3.38
-168349.331    38.536    -2.11    2.84
-168064.037    38.195    -1.20    2.71
-167778.721    37.607    -2.06    2.71
-167493.385    37.245    -1.27    2.87
-167208.028    36.935    -1.09    2.93
-166922.650    36.532    -1.41    2.68
-166637.251    36.154    -1.32    2.57
-166351.831    35.748    -1.42    2.13
-166066.391    35.415    -1.17    1.60
-165780.929    35.166    -0.87    1.56
-165495.447    34.727    -1.54    1.62
-165209.943    34.385    -1.20    1.59
-164924.419    33.910    -1.67    1.56
-164638.874    33.620    -1.01    1.51
-164353.307    33.230    -1.37    1.52
-164067.720    32.812    -1.46    1.50
-163782.112    32.415    -1.39    1.42
-163496.483    32.105    -1.09    1.62
-163210.833    31.685    -1.47    1.88
-162925.163    31.007    -2.38    2.24
-162639.471    30.662    -1.21    2.15
-162353.758    30.360    -1.06    1.99
-162068.024    29.900    -1.61    2.09
-161782.270    29.602    -1.04    2.07
-161496.494    29.101    -1.75    1.81
-161210.697    28.701    -1.40    1.99
-160924.880    28.483    -0.76    1.85
-160639.041    28.195    -1.01    1.94
-160353.182    27.960    -0.82    1.94
-160067.301    27.947    -0.04    1.97
-159781.399    27.971     0.08    1.98
-159495.477    28.078     0.37    1.96
-159209.533    28.031    -0.17    1.65
-158923.568    28.007    -0.08    1.46
-158637.583    28.227     0.77    1.22
-158351.576    28.288     0.21    1.04
-158065.548    28.312     0.09    1.22
-157779.500    28.284    -0.10    1.25
-157493.430    28.344     0.21    1.23
-157207.339    28.543     0.69    1.22
-156921.227    28.543     0.00    1.22
-156635.094    28.495    -0.17    1.20
-156348.940    28.422    -0.26    1.20
-156062.765    28.446     0.09    1.17
-155776.569    28.378    -0.24    1.11
-155490.352    28.055    -1.13    1.29
-155204.114    27.766    -1.01    1.25
-154917.854    27.566    -0.70    1.48
-154631.574    27.630     0.22    1.59
-154345.272    27.548    -0.29    1.62
-154058.950    27.424    -0.43    1.70
-153772.606    27.662     0.83    1.85
-153486.241    28.018     1.24    1.84
-153199.855    28.282     0.92    1.78
-152913.448    28.658     1.31    1.40
-152627.020    28.748     0.31    1.22
-152340.570    28.887     0.48    1.26
-152054.100    29.031     0.50    1.24
-151767.608    29.164     0.46    1.36
-151481.095    29.055    -0.38    1.43
-151194.561    29.239     0.64    1.50
-150908.006    29.300     0.21    1.45
-150621.430    29.373     0.26    1.44
-150334.833    29.385     0.04    1.43
-150048.214    29.441     0.19    1.45
-149761.574    29.751     1.08    1.53
-149474.914    30.068     1.11    1.72
-149188.231    30.812     2.59    3.35
-148901.528    32.300     5.19    6.60
-148614.804    33.634     4.65    8.20
-148328.058    34.429     2.77    7.95
-148041.291    35.682     4.37    8.47
-147754.503    35.924     0.85    7.62
-147467.694    36.701     2.71    7.83
-147180.863    37.266     1.97    7.98
-146894.011    37.588     1.12    8.18
-146607.139    38.123     1.86    8.76
-146320.244    37.902    -0.77    9.83
-146033.329    37.924     0.08   11.51
-145746.392    39.195     4.43   13.03
-145459.434    40.293     3.82   13.01
-145172.455    42.195     6.63   13.89
-144885.455    44.795     9.06   14.76
-144598.433    47.828    10.57   15.45
-144311.390    52.364    15.80   13.80
-144024.326    56.215    13.41   10.82
-143737.240    58.885     9.30    9.12
-143450.133    60.646     6.13    7.91
-143163.005    61.838     4.15    7.00
-142875.856    62.568     2.54    6.17
-142588.685    62.748     0.63    5.47
-142301.493    62.557    -0.66    4.72
-142014.280    62.178    -1.32    4.60
-141727.045    61.702    -1.66    4.47
-141439.789    61.185    -1.80    4.22
-141152.512    61.054    -0.46    4.59
-140865.214    61.419     1.27    5.07
-140577.894    61.795     1.31    5.55
-140290.553    62.477     2.37    5.76
-140003.190    63.019     1.88    5.95
-139715.806    63.830     2.82    5.94
-139428.401    64.321     1.71    5.41
-139140.974    63.971    -1.21    4.63
-138853.526    63.257    -2.49    4.17
-138566.057    62.638    -2.15    3.91
-138278.566    61.654    -3.42    3.94
-137991.054    60.578    -3.74    3.63
-137703.520    59.626    -3.31    3.09
-137415.966    58.885    -2.58    2.96
-137128.389    58.654    -0.81    3.13
-136840.792    58.597    -0.20    3.25
-136553.173    58.826     0.80    3.20
-136265.532    59.471     2.24    3.12
-135977.870    60.519     3.65    3.42
-135690.187    61.699     4.10    3.73
-135402.482    63.195     5.20    4.06
-135114.756    64.934     6.04    4.27
-134827.008    66.364     4.97    4.03
-134539.239    67.518     4.01    3.77
-134251.449    68.524     3.50    3.48
-133963.637    68.877     1.23    3.27
-133675.804    69.171     1.02    2.85
-133387.949    69.367     0.68    3.20
-133100.072    69.890     1.82    3.77
-132812.175    70.228     1.17    4.00
-132524.255    70.419     0.66    3.91
-132236.315    70.328    -0.31    3.80
-131948.352    70.519     0.66    3.61
-131660.369    70.721     0.70    3.48
-131372.364    70.733     0.04    2.91
-131084.337    70.578    -0.54    2.54
-130796.289    70.324    -0.88    2.21
-130508.219    70.190    -0.47    2.24
-130220.128    70.128    -0.22    2.15
-129932.015    69.646    -1.67    2.38
-129643.881    68.971    -2.34    2.62
-129355.725    68.368    -2.09    2.77
-129067.548    67.849    -1.80    2.74
-128779.349    67.349    -1.73    3.09
-128491.129    67.032    -1.10    3.19
-128202.887    66.816    -0.75    3.15
-127914.623    66.658    -0.55    3.11
-127626.338    66.524    -0.46    3.21
-127338.031    66.395    -0.45    3.09
-127049.703    66.225    -0.59    2.99
-126761.353    66.305     0.28    2.76
-126472.982    66.570     0.92    2.81
-126184.589    67.053     1.68    2.85
-125896.175    67.435     1.33    2.80
-125607.739    67.328    -0.37    2.84
-125319.281    67.296    -0.11    2.92
-125030.802    67.140    -0.54    3.19
-124742.301    66.593    -1.90    3.52
-124453.778    65.995    -2.07    3.65
-124165.234    65.441    -1.92    3.66
-123876.668    64.802    -2.21    3.39
-123588.081    64.257    -1.89    3.11
-123299.472    64.152    -0.36    3.36
-123010.841    64.654     1.74    3.73
-122722.189    64.873     0.76    3.58
-122433.515    65.296     1.47    3.45
-122144.819    65.549     0.88    3.28
-121856.102    65.543    -0.02    2.96
-121567.363    65.662     0.41    2.66
-121278.602    65.724     0.22    2.40
-120989.820    65.786     0.21    2.31
-120701.016    65.742    -0.15    2.27
-120412.190    65.995     0.88    2.49
-120123.343    66.507     1.77    2.58
-119834.474    67.066     1.93    2.84
-119545.583    67.524     1.59    3.13
-119256.670    68.136     2.12    3.29
-118967.736    68.781     2.23    3.42
-118678.780    69.376     2.06    3.56
-118389.803    69.934     1.93    3.62
-118100.803    70.686     2.60    3.57
-117811.782    71.556     3.01    3.67
-117522.739    72.373     2.83    3.38
-117233.675    73.103     2.53    3.02
-116944.588    73.775     2.32    2.96
-116655.480    74.580     2.78    2.93
-116366.350    75.138     1.93    3.03
-116077.199    75.495     1.24    2.91
-115788.025    75.169    -1.13    2.71
-115498.830    74.669    -1.73    2.84
-115209.613    74.007    -2.29    2.85
-114920.375    73.531    -1.65    2.89
-114631.114    72.971    -1.93    2.82
-114341.832    73.171     0.69    2.84
-114052.528    73.245     0.25    3.07
-113763.202    72.888    -1.23    3.31
-113473.854    72.477    -1.42    3.53
-113184.485    72.221    -0.88    3.39
-112895.093    72.621     1.38    3.75
-112605.680    73.188     1.96    3.98
-112316.245    74.212     3.54    4.13
-112026.788    75.626     4.88    3.92
-111737.309    76.666     3.59    3.05
-111447.809    77.190     1.81    2.45
-111158.287    77.621     1.49    2.60
-110868.742    77.983     1.25    3.05
-110579.176    78.571     2.03    3.32
-110289.588    78.840     0.93    3.49
-109999.978    78.995     0.53    3.51
-109710.347    79.301     1.06    3.51
-109420.693    79.301     0.00    3.41
-109131.018    79.054    -0.85    3.10
-108841.320    78.745    -1.07    2.83
-108551.601    78.383    -1.25    2.53
-108261.860    78.183    -0.69    2.71
-107975.779    77.781    -1.41    2.72
-107690.627    77.531    -0.88    2.73
-107405.453    77.245    -1.00    3.92
-107120.259    76.824    -1.48    4.22
-106835.044    76.922     0.34    4.24
-106549.807    77.532     2.14    5.13
-106264.550    77.875     1.20    4.87
-105979.271    78.224     1.22    4.14
-105693.972    78.251     0.10    4.05
-105408.651    78.154    -0.34    3.86
-105123.310    77.822    -1.16    3.92
-104837.947    77.645    -0.62    4.04
-104552.564    77.227    -1.47    3.44
-104267.159    77.609     1.34    3.72
-103981.734    77.702     0.33    3.55
-103696.287    77.678    -0.09    3.73
-103410.820    77.417    -0.92    4.14
-103125.331    77.077    -1.19    4.74
-102839.821    76.202    -3.07    5.19
-102554.290    75.972    -0.81    5.33
-102268.738    75.619    -1.24    5.06
-101983.165    75.442    -0.62    4.86
-101697.571    75.301    -0.49    4.46
-101411.956    75.583     0.99    4.07
-101126.320    76.160     2.02    3.43
-100840.663    76.689     1.85    3.18
-100554.984    76.677    -0.04    2.94
-100269.285    76.630    -0.16    2.87
 -99983.564    76.876     0.86    2.88
 -99697.823    77.101     0.79    3.22
 -99412.060    77.053    -0.17    3.36
 -99126.276    76.646    -1.42    3.52
 -98840.471    76.185    -1.61    3.49
 -98554.645    75.769    -1.46    3.38
 -98268.797    75.019    -2.62    3.27
 -97982.929    74.441    -2.02    3.03
 -97697.039    74.166    -0.96    3.16
 -97411.128    72.682    -5.19    5.01
 -97125.196    71.850    -2.91    5.65
 -96839.243    71.754    -0.34    6.42
 -96553.269    71.507    -0.86    7.06
 -96267.274    71.312    -0.68    7.12
 -95981.257    71.557     0.86    7.15
 -95695.219    72.349     2.77    6.60
 -95409.160    73.959     5.63    4.76
 -95123.080    74.824     3.02    3.62
 -94836.979    74.751    -0.26    3.20
 -94550.856    74.453    -1.04    2.86
 -94264.713    74.489     0.13    3.04
 -93978.548    74.111    -1.32    3.03
 -93692.362    73.639    -1.65    3.29
 -93406.154    72.466    -4.10    3.44
 -93119.926    71.454    -3.53    3.19
 -92833.676    70.321    -3.96    2.75
 -92547.405    69.635    -2.40    2.57
 -92261.112    68.924    -2.48    2.06
 -91974.799    68.309    -2.15    1.73
 -91688.464    68.089    -0.77    1.91
 -91402.108    68.136     0.16    2.13
 -91115.731    68.483     1.21    2.56
 -90829.332    69.018     1.87    3.40
 -90542.912    69.571     1.93    4.03
 -90256.471    70.364     2.77    4.72
 -89970.009    71.531     4.07    4.90
 -89683.525    72.043     1.79    4.63
 -89397.020    72.056     0.05    4.24
 -89110.494    71.300    -2.64    4.19
 -88823.946    69.946    -4.72    4.53
 -88537.377    67.513    -8.49    5.73
 -88250.787    64.706    -9.79    6.97
 -87964.176    63.128    -5.51    6.41
 -87677.543    61.946    -4.12    5.76
 -87390.889    60.308    -5.71    5.35
 -87104.213    59.875    -1.51    4.65
 -86817.517    60.324     1.57    4.21
 -86530.799    60.778     1.58    4.05
 -86244.059    61.195     1.45    4.24
 -85957.298    61.340     0.51    4.34
 -85670.516    61.842     1.75    4.18
 -85383.713    62.455     2.14    4.07
 -85096.888    63.146     2.41    3.86
 -84810.041    63.751     2.11    3.85
 -84523.174    64.558     2.81    3.82
 -84236.285    65.883     4.62    3.15
 -83949.374    66.484     2.09    2.83
 -83662.443    66.742     0.90    2.62
 -83375.489    66.739    -0.01    2.31
 -83088.515    66.530    -0.73    2.15
 -82801.519    66.713     0.64    2.24
 -82514.501    66.658    -0.19    2.16
 -82227.463    66.733     0.26    1.93
 -81940.402    67.174     1.53    2.16
 -81653.321    68.236     3.70    3.01
 -81366.218    69.775     5.36    3.78
 -81079.093    71.694     6.68    4.37
 -80791.947    73.561     6.50    4.72
 -80504.780    75.935     8.26    4.76
 -80217.591    77.995     7.17    4.94
 -79930.381    80.043     7.13    5.25
 -79643.149    81.019     3.40    4.84
 -79355.896    81.824     2.80    4.60
 -79068.621    82.422     2.08    4.65
 -78781.325    82.361    -0.21    4.99
 -78494.007    81.666    -2.42    5.37
 -78206.668    79.400    -7.89    5.75
 -77919.308    77.305    -7.29    5.12
 -77631.925    75.583    -5.99    5.09
 -77344.522    73.751    -6.38    4.87
 -77057.097    69.642   -14.29    8.48
 -76769.650    65.960   -12.81    9.93
 -76482.182    64.360    -5.57    9.39
 -76194.692    63.728    -2.20    8.55
 -75907.181    63.407    -1.12    7.91
 -75619.648    63.472     0.23    7.73
 -75332.094    64.477     3.50    6.95
 -75044.518    66.395     6.67    4.07
 -74756.921    67.437     3.62    2.21
 -74469.302    68.124     2.39    3.02
 -74181.662    68.830     2.45    3.54
 -73894.000    69.694     3.00    3.94
 -73606.316    70.922     4.27    4.35
 -73318.611    72.556     5.68    4.33
 -73030.884    74.284     6.01    4.22
 -72743.136    76.031     6.07    3.85
 -72455.366    77.549     5.28    3.66
 -72167.575    78.441     3.10    3.63
 -71879.762    78.621     0.63    3.80
 -71591.927    77.807    -2.83    5.06
 -71304.071    76.233    -5.47    5.83
 -71016.193    74.662    -5.46    5.82
 -70728.293    72.745    -6.66    4.70
 -70440.372    71.626    -3.89    3.75
 -70152.429    71.293    -1.16    3.64
 -69864.465    71.642     1.21    3.45
 -69576.479    72.301     2.29    3.65
 -69288.471    73.030     2.53    3.92
 -69000.442    74.595     5.43    4.15
 -68712.391    76.442     6.41    4.70
 -68424.318    78.560     7.35    5.19
 -68136.224    80.925     8.21    5.16
 -67848.108    82.607     5.84    4.79
 -67559.970    84.257     5.73    4.45
 -67271.811    85.555     4.50    4.76
 -66983.630    86.897     4.66    5.17
 -66695.427    88.507     5.59    5.66
 -66407.203    89.922     4.91    5.28
 -66118.957    90.525     2.09    4.69
 -65830.689    90.959     1.50    4.06
 -65542.400    90.899    -0.21    3.75
 -65254.088    90.224    -2.34    4.18
 -64965.756    89.296    -3.22    4.43
 -64677.401    87.513    -6.18    4.79
 -64389.025    85.251    -7.84    5.47
 -64100.626    79.709   -19.21   11.92
 -63812.207    74.174   -19.19   15.91
 -63523.765    71.471    -9.37   16.75
 -63235.302    70.821    -2.26   15.75
 -62946.817    70.216    -2.10   15.17
 -62658.310    71.193     3.39   14.21
 -62369.781    73.087     6.56   12.76
 -62081.231    75.685     9.00   10.77
 -61792.658    79.042    11.63    3.16
 -61504.064    78.623    -1.45    3.18
 -61215.449    78.437    -0.64    3.71
 -60926.811    77.972    -1.61    4.11
 -60638.152    77.570    -1.39    4.56
 -60349.471    77.030    -1.87    4.66
 -60060.768    76.397    -2.19    4.38
 -59772.043    76.641     0.84    4.51
 -59483.296    76.995     1.22    4.24
 -59194.528    78.079     3.75    3.90
 -58905.738    79.263     4.10    3.35
 -58616.926    80.453     4.12    3.05
 -58328.092    81.638     4.10    3.26
 -58039.236    82.619     3.39    3.33
 -57750.359    83.183     1.95    3.15
 -57461.459    83.924     2.57    3.33
 -57172.538    84.419     1.71    2.99
 -56883.595    84.889     1.63    2.81
 -56594.630    85.136     0.85    2.78
 -56305.643    85.877     2.56    3.18
 -56016.634    86.607     2.52    3.38
 -55727.603    86.701     0.33    3.22
 -55438.551    86.866     0.57    3.20
 -55149.476    87.650     2.71    2.98
 -54860.380    87.867     0.75    2.74
 -54571.261    88.054     0.65    2.48
 -54282.121    87.983    -0.24    2.48
 -53992.959    87.876    -0.37    2.31
 -53703.775    87.873    -0.01    2.29
 -53414.569    87.788    -0.30    2.36
 -53125.341    87.754    -0.12    2.78
 -52836.092    87.376    -1.31    3.03
 -52546.820    86.947    -1.48    3.10
 -52257.526    86.236    -2.46    3.01
 -51968.210    85.251    -3.40    3.61
 -51678.873    83.336    -6.62    5.74
 -51389.513    80.617    -9.40    7.00
 -51100.132    78.424    -7.58    7.14
 -50810.728    77.257    -4.03    6.54
 -50521.303    76.728    -1.83    6.21
 -50231.855    76.677    -0.17    6.17
 -49942.386    77.466     2.72    6.20
 -49652.894    78.842     4.75    5.54
 -49363.381    80.701     6.42    3.32
 -49073.845    81.807     3.82    2.35
 -48784.288    82.430     2.15    2.57
 -48494.708    82.424    -0.02    2.88
 -48205.107    82.553     0.45    3.12
 -47915.483    82.548    -0.02    3.22
 -47625.837    82.162    -1.33    3.34
 -47336.170    81.805    -1.23    3.27
 -47046.480    81.078    -2.51    3.06
 -46756.768    80.778    -1.04    2.74
 -46467.035    80.812     0.12    2.68
 -46177.631    80.850     0.13    2.57
 -45892.524    81.152     1.06    2.54
 -45607.396    81.995     2.96    2.60
 -45322.247    82.911     3.21    2.37
 -45037.076    83.471     1.96    1.92
 -44751.885    83.887     1.46    1.59
 -44466.672    84.007     0.42    1.75
 -44181.438    83.830    -0.62    1.89
 -43896.184    83.627    -0.71    2.05
 -43610.907    83.719     0.32    2.21
 -43325.610    83.635    -0.30    2.23
 -43040.292    83.158    -1.67    2.17
 -42754.952    82.472    -2.40    2.49
 -42469.592    82.053    -1.47    2.57
 -42184.210    82.156     0.36    2.70
 -41898.807    82.262     0.37    2.94
 -41613.383    82.432     0.59    3.14
 -41327.937    82.903     1.65    3.40
 -41042.471    83.236     1.17    3.54
 -40756.983    83.340     0.36    3.57
 -40471.474    82.716    -2.19    3.76
 -40185.944    81.832    -3.09    4.05
 -39900.392    81.193    -2.24    3.95
 -39614.820    80.600    -2.08    3.67
 -39329.226    79.972    -2.20    3.07
 -39043.611    79.709    -0.92    2.94
 -38757.975    79.630    -0.28    2.85
 -38472.317    79.424    -0.72    2.99
 -38186.639    79.736     1.09    2.93
 -37900.939    79.826     0.32    3.14
 -37615.218    79.727    -0.35    3.35
 -37329.475    79.580    -0.51    3.39
 -37043.712    79.043    -1.88    3.74
 -36757.927    78.899    -0.51    3.47
 -36472.120    78.609    -1.01    3.64
 -36186.293    78.200    -1.43    3.63
 -35900.444    77.114    -3.80    4.04
 -35614.574    76.066    -3.66    4.79
 -35328.683    75.405    -2.31    4.93
 -35042.770    74.766    -2.23    4.75
 -34756.836    73.983    -2.74    4.95
 -34470.881    72.971    -3.54    5.05
 -34184.905    71.678    -4.52    5.23
 -33898.907    70.849    -2.90    5.45
 -33612.888    70.233    -2.15    5.17
 -33326.847    70.138    -0.33    4.97
 -33040.786    69.900    -0.83    4.99
 -32754.702    69.924     0.08    4.88
 -32468.598    69.548    -1.31    4.72
 -32182.472    69.332    -0.75    4.90
 -31896.325    68.386    -3.31    5.50
 -31610.157    67.133    -4.38    5.69
 -31323.967    65.795    -4.67    5.28
 -31037.756    64.666    -3.95    4.63
 -30751.523    63.650    -3.55    4.77
 -30465.269    62.642    -3.52    5.33
 -30178.994    62.254    -1.36    5.57
 -29892.697    62.101    -0.53    5.51
 -29606.379    62.635     1.86    5.04
 -29320.040    63.332     2.44    4.94
 -29033.679    64.171     2.93    5.25
 -28747.297    64.960     2.75    5.80
 -28460.893    65.185     0.79    6.06
 -28174.468    65.031    -0.54    6.21
 -27888.021    64.412    -2.16    6.08
 -27601.554    63.543    -3.03    5.50
 -27315.064    62.578    -3.37    4.94
 -27028.553    61.626    -3.32    4.20
 -26742.021    61.281    -1.20    3.08
 -26455.468    61.483     0.71    3.29
 -26168.893    61.400    -0.29    3.54
 -25882.296    61.043    -1.25    3.93
 -25595.678    60.769    -0.96    4.06
 -25309.039    60.442    -1.14    4.01
 -25022.378    59.783    -2.30    4.03
 -24735.695    59.301    -1.68    3.87
 -24448.991    59.042    -0.90    3.36
 -24162.266    59.135     0.32    3.23
 -23875.519    59.924     2.75    3.40
 -23588.751    60.739     2.84    3.71
 -23301.961    61.765     3.58    3.47
 -23015.150    62.478     2.48    3.28
 -22728.317    62.669     0.67    3.17
 -22441.463    62.890     0.77    2.95
 -22154.587    63.133     0.85    2.81
 -21867.689    63.107    -0.09    2.97
 -21580.771    63.242     0.47    3.18
 -21293.830    63.737     1.72    3.32
 -21006.868    64.231     1.72    3.49
 -20719.885    64.984     2.62    3.40
 -20432.880    65.179     0.68    3.46
 -20145.853    65.834     2.28    3.41
 -19858.805    66.202     1.28    3.58
 -19571.735    66.006    -0.68    4.00
 -19284.644    65.404    -2.10    4.33
 -18997.531    64.635    -2.68    4.95
 -18710.396    63.795    -2.92    5.36
 -18423.240    62.340    -5.07    6.04
 -18136.063    59.947    -8.33    5.62
 -17848.864    57.646    -8.01    7.32
 -17561.643    54.465   -11.07   10.13
 -17274.400    50.453   -13.97   12.31
 -16987.136    46.376   -14.19   13.94
 -16699.851    42.814   -12.40   14.59
 -16412.543    41.614    -4.18   14.37
 -16125.215    41.769     0.54   14.79
 -15837.864    44.254     8.65   15.44
 -15550.492    48.724    15.56   14.31
 -15263.098    53.728    17.41    9.78
 -14975.683    56.704    10.36    4.12
 -14688.246    56.777     0.25    3.56
 -14400.787    55.995    -2.72    3.82
 -14113.307    54.251    -6.07    4.01
 -13825.804    51.948    -8.01    4.65
 -13538.281    49.646    -8.01    5.26
 -13250.735    47.937    -5.94    5.20
 -12963.168    46.190    -6.07    5.20
 -12675.580    44.892    -4.52    5.06
 -12387.969    43.507    -4.82    4.50
 -12100.337    43.042    -1.62    4.17
 -11812.683    42.890    -0.53    3.92
 -11525.007    42.611    -0.97    4.09
 -11237.310    42.600    -0.04    4.55
 -10949.591    42.507    -0.32    4.65
 -10661.851    42.324    -0.63    4.75
 -10374.088    41.876    -1.56    4.96
 -10086.304    41.007    -3.02    5.66
  -9798.498    40.254    -2.62    6.46
  -9510.670    39.090    -4.04    6.84
  -9222.821    37.332    -6.11    7.05
  -8934.950    35.946    -4.82    7.26
  -8647.057    34.458    -5.17    8.21
  -8359.142    31.585    -9.98   10.20
  -8071.206    28.983    -9.04   11.44
  -7783.248    26.585    -8.33   11.90
  -7495.268    24.561    -7.03   11.75
  -7207.266    22.730    -6.36   10.93
  -6919.242    21.442    -4.47    9.50
  -6631.197    21.536     0.33    9.39
  -6343.130    23.262     5.99   10.24
  -6055.041    25.630     8.22   10.92
  -5766.930    27.460     6.35   10.84
  -5478.797    29.219     6.10   10.60
  -5190.643    31.042     6.33   10.34
  -4902.467    32.913     6.49    9.55
  -4614.269    33.771     2.98    9.24
  -4326.049    34.630     2.98   10.10
  -4037.807    36.454     6.33   11.43
  -3749.543    37.983     5.31   13.73
  -3461.258    38.681     2.42   15.69
  -3172.951    39.181     1.73   17.21
  -2884.622    38.313    -3.01   18.98
  -2596.270    36.971    -4.65   21.22
  -2307.898    33.239   -12.94   23.79
  -2019.503    28.019   -18.10   25.58
  -1731.086    23.260   -16.50   26.05
  -1442.648    17.320   -20.59   24.68
  -1154.187    11.079   -21.64   21.44
   -865.705     5.316   -19.98   15.77
   -577.201     0.308   -17.36    1.94
   -288.674    -0.005    -1.09    0.00
     -0.126    -0.005     0.00    0.00
    288.444    -0.005     0.00    0.00
    577.036     0.140     0.50    0.94
    865.649     3.055    10.10   11.07
   1154.285    11.289    28.53   22.30
   1442.943    22.402    38.50   29.90
   1731.623    34.880    43.22   32.82
   2020.324    47.052    42.16   31.51
   2309.048    60.193    45.51   24.90
   2597.793    70.607    36.07   13.51
   2886.561    75.454    16.79    5.23
   3175.350    77.123     5.78    4.30
   3464.162    77.466     1.19    4.05
   3752.995    76.880    -2.03    4.52
   4041.850    76.123    -2.62    5.21
   4330.728    74.459    -5.76    5.64
   4619.627    72.507    -6.76    5.66
   4908.549    70.236    -7.86    4.93
   5197.492    68.032    -7.63    4.00
   5486.458    66.513    -5.26    4.37
   5775.445    64.682    -6.34    4.54
   6064.454    63.019    -5.75    4.50
   6353.486    60.959    -7.13    4.33
   6642.540    59.103    -6.42    3.94
   6931.615    57.597    -5.21    3.67
   7220.713    56.597    -3.46    3.06
   7509.832    55.958    -2.21    2.52
   7798.974    56.043     0.29    2.46
   8088.138    56.697     2.26    3.14
   8377.324    58.507     6.26    5.10
   8666.532    61.774    11.30    6.84
   8955.762    65.087    11.45    7.38
   9245.014    68.190    10.73    7.04
   9534.288    71.693    12.11    5.68
   9823.584    73.935     7.75    3.59
  10112.903    75.266     4.60    2.69
  10402.243    75.938     2.32    2.55
  10691.606    76.754     2.82    2.53
  10980.990    77.604     2.94    2.55
  11270.397    78.536     3.22    2.70
  11559.826    79.733     4.14    3.28
  11849.277    81.233     5.18    3.28
  12138.751    82.995     6.09    3.21
  12428.246    83.959     3.33    4.49
  12717.763    84.200     0.83    6.45
  13007.303    84.031    -0.58    8.21
  13296.865    84.114     0.29    8.69
  13586.449    84.634     1.79    8.93
  13876.055    85.549     3.16    9.23
  14165.683    87.682     7.36    9.70
  14455.334    90.885    11.06   11.43
  14745.006    94.876    13.78   11.69
  15034.701    98.795    13.53   11.42
  15324.418   101.890    10.68    9.81
  15614.158   104.685     9.64    7.55
  15902.289   107.121     8.46    5.82
  16187.373   109.961     9.96    7.43
  16472.478   114.042    14.31    9.88
  16757.604   118.807    16.71   12.21
  17042.751   125.242    22.57   14.82
  17327.920   132.736    26.28   18.15
  17613.110   141.560    30.94   21.87
  17898.321   150.219    30.36   26.15
  18183.553   159.054    30.98   32.57
  18468.807   167.783    30.60   39.38
  18754.081   175.983    28.74   44.36
  19039.377   185.832    34.52   51.46
  19324.695   196.363    36.91   58.38
  19610.034   207.420    38.75   64.93
  19895.394   216.274    31.03   67.15
  20180.775   222.983    23.51   67.39
  20466.178   231.216    28.85   68.43
  20751.601   240.160    31.34   67.06
  21037.047   248.795    30.25   64.86
  21322.513   254.313    19.33   60.08
  21608.001   259.959    19.78   54.40
  21893.510   265.670    20.00   50.12
  22179.041   271.935    21.94   48.35
  22464.593   273.368     5.02   42.18
  22750.166   265.816   -26.45   39.50
  23035.760   253.031   -44.77   40.26
  23321.376   243.697   -32.68   39.27
  23607.014   234.959   -30.59   38.69
  23892.672   225.435   -33.34   35.73
  24178.352   212.150   -46.51   27.11
  24464.054   203.055   -31.84   19.81
  24749.776   204.614     5.46   25.71
  25035.520   209.254    16.24   30.59
  25321.286   210.207     3.33   31.64
  25607.073   212.297     7.32   31.80
  25892.881   214.948     9.28   30.76
  26178.711   217.751     9.80   28.78
  26464.562   216.902    -2.97   27.97
  26750.435   212.681   -14.77   28.12
  27036.328   212.437    -0.85   31.71
  27322.244   216.669    14.80   37.85
  27608.181   219.914    11.35   41.59
  27894.139   222.881    10.38   40.83
  28180.119   223.823     3.29   39.70
  28466.120   219.110   -16.48   37.42
  28752.142   207.558   -40.39   37.07
  29038.186   193.728   -48.35   35.71
  29324.252   179.719   -48.97   29.45
  29610.339   169.351   -36.24   20.60
  29896.447   165.685   -12.82   16.02
  30182.577   167.915     7.80   19.84
  30468.728   175.298    25.80   27.13
  30754.901   182.377    24.74   28.13
  31041.096   188.692    22.06   27.75
  31327.312   198.590    34.59   29.73
  31613.549   205.745    25.00   28.09
  31899.808   207.466     6.01   27.90
  32186.088   208.110     2.25   27.91
  32472.390   209.294     4.14   27.27
  32758.713   212.461    11.06   26.60
  33045.058   216.165    12.94   27.31
  33331.425   224.680    29.74   38.63
  33617.813   237.696    45.45   47.56
  33904.222   247.344    33.69   51.25
  34190.653   248.402     3.69   55.35
  34477.106   244.305   -14.30   61.22
  34763.580   232.775   -40.25   64.92
  35050.076   214.781   -62.81   59.93
  35336.593   195.269   -68.10   46.00
  35623.132   180.674   -50.94   31.20
  35909.693   171.733   -31.20   15.59
  36196.275   169.340    -8.35    6.49
  36482.878   172.519    11.09   10.77
  36769.504   180.019    26.17   18.94
  37056.150   191.219    39.07   27.17
  37342.819   204.566    46.56   33.19
  37629.509   220.305    54.90   37.17
  37916.220   239.277    66.18   41.29
  38202.954   255.830    57.73   40.34
  38489.709   269.658    48.22   37.76
  38776.485   278.890    32.20   36.34
  39063.283   281.030     7.46   38.15
  39350.103   281.213     0.64   39.90
  39636.944   280.742    -1.64   39.83
  39923.808   284.535    13.22   43.51
  40210.692   293.460    31.11   51.76
  40497.599   307.029    47.30   58.00
  40784.527   324.367    60.43   58.35
  41071.476   339.925    54.22   53.17
  41358.448   353.938    48.83   45.85
  41645.441   365.328    39.69   41.22
  41932.456   372.604    25.35   39.39
  42219.492   376.588    13.88   39.28
  42506.550   379.379     9.72   42.11
  42793.630   380.890     5.27   43.25
  43080.732   379.489    -4.88   44.07
  43367.855   377.501    -6.93   43.16
  43655.000   376.489    -3.52   39.73
  43942.167   382.478    20.85   41.86
  44229.355   390.454    27.77   43.85
  44516.565   401.807    39.53   50.00
  44803.797   418.007    56.40   57.63
  45091.051   434.166    56.26   55.87
  45378.326   444.284    35.22   51.59
  45665.623   451.814    26.21   51.11
  45952.942   451.947     0.46   56.12
  46240.283   445.296   -23.15   64.70
  46527.645   434.888   -36.22   71.95
  46815.029   422.495   -43.12   76.95
  47102.435   404.066   -64.12   84.64
  47389.863   376.757   -95.02   94.11
  47677.313   350.152   -92.56   91.78
  47964.784   330.983   -66.68   86.45
  48252.277   321.215   -33.98   82.89
  48539.792   313.641   -26.34   77.07
  48827.329   309.935   -12.89   77.17
  49114.887   314.626    16.31   81.27
  49402.468   325.745    38.67   82.99
  49690.070   332.364    23.02   83.09
  49977.694   342.961    36.84   83.68
  50265.340   360.409    60.66   93.10
  50553.007   390.524   104.69  103.05
  50840.697   429.018   133.81   99.04
  51128.408   464.616   123.73   86.23
  51416.142   498.242   116.87   70.64
  51703.897   524.136    89.99   58.36
  51991.674   542.724    64.60   52.01
  52279.473   556.795    48.89   47.30
  52567.293   564.804    27.83   40.88
  52855.136   568.175    11.71   34.71
  53143.001   568.688     1.78   32.77
  53430.887   569.121     1.51   32.31
  53718.795   572.018    10.06   34.16
  54006.725   574.786     9.61   32.62
  54294.678   577.797    10.46   30.37
  54582.652   582.623    16.76   26.95
  54870.647   584.135     5.25   27.31
  55158.665   579.890   -14.74   32.87
  55446.705   566.681   -45.86   47.33
  55734.767   545.266   -74.35   59.98
  56022.851   521.136   -83.76   72.17
  56310.956   492.890   -98.04   81.01
  56599.084   472.242   -71.67   78.77
  56887.233   455.313   -58.76   72.41
  57175.405   443.531   -40.89   62.92
  57463.598   442.324    -4.19   57.45
  57751.814   450.795    29.39   61.99
  58040.051   468.158    60.24   69.07
  58328.310   483.501    53.23   69.24
  58616.592   495.692    42.29   67.10
  58904.895   503.731    27.89   65.94
  59193.220   510.524    23.56   62.34
  59481.568   515.846    18.46   57.04
  59769.937   522.063    21.56   51.81
  60058.328   528.456    22.17   44.74
  60346.742   536.197    26.84   38.73
  60635.177   545.770    33.19   37.06
  60923.635   554.804    31.32   34.71
  61212.114   562.177    25.56   35.38
  61500.616   566.972    16.62   34.66
  61789.139   572.681    19.79   33.06
  62077.685   572.938     0.89   31.28
  62366.253   569.529   -11.81   30.64
  62654.842   565.762   -13.05   32.98
  62943.454   557.512   -28.59   37.73
  63232.088   546.754   -37.28   40.40
  63520.744   537.442   -32.26   40.14
  63809.422   532.877   -15.81   39.15
  64098.122   530.316    -8.87   37.25
  64386.844   520.079   -35.46   44.61
  64675.589   493.368   -92.51   78.06
  64964.355   453.697  -137.39  109.25
  65253.144   415.838  -131.10  119.85
  65541.954   388.634   -94.20  116.28
  65830.787   373.477   -52.48  111.15
  66119.642   367.446   -20.88  109.30
  66408.519   378.056    36.73  115.40
  66697.418   405.745    95.85  120.84
  66986.339   440.578   120.57  122.81
  67275.283   469.495   100.08  120.20
  67564.248   490.204    71.67  113.09
  67853.236   506.455    56.24  105.73
  68142.246   516.041    33.17   98.29
  68431.278   527.631    40.10   88.25
  68720.332   538.518    37.66   78.40
  69009.409   552.685    49.01   62.53
  69298.507   569.704    58.87   46.68
  69587.628   585.880    55.95   50.03
  69876.771   604.489    64.36   56.40
  70165.936   623.253    64.89   57.05
  70455.124   640.167    58.49   54.45
  70744.333   648.960    30.40   48.24
  71033.565   644.646   -14.92   53.38
  71322.819   625.317   -66.83   69.78
  71612.096   600.344   -86.33   79.70
  71901.394   568.460  -110.22   80.66
  72190.715   530.739  -130.39   74.56
  72480.058   502.360   -98.09   55.43
  72769.423   490.646   -40.48   46.81
  73058.810   491.228     2.01   49.44
  73348.220   502.460    38.81   56.02
  73637.652   517.209    50.96   56.48
  73927.107   526.842    33.28   58.92
  74216.583   535.181    28.81   56.44
  74506.082   544.374    31.76   50.79
  74795.603   553.130    30.24   47.79
  75085.146   558.006    16.84   46.91
  75374.712   559.432     4.92   44.72
  75664.300   562.742    11.43   44.38
  75953.910   571.654    30.77   49.24
  76243.543   583.051    39.35   56.23
  76533.198   592.725    33.40   61.00
  76822.875   600.826    27.97   60.38
  77112.575   608.225    25.54   57.44
  77402.297   614.374    21.23   54.41
  77692.041   617.495    10.77   50.53
  77978.936   622.006    15.73   47.70
  78264.006   629.472    26.19   50.58
  78549.097   641.075    40.70   55.58
  78834.209   654.317    46.45   53.26
  79119.342   663.719    32.98   45.56
  79404.497   669.371    19.82   37.11
  79689.674   668.677    -2.43   37.81
  79974.871   666.360    -8.13   38.90
  80260.091   664.174    -7.67   37.20
  80545.331   665.138     3.38   34.77
  80830.593   668.654    12.33   37.60
  81115.876   677.702    31.72   42.00
  81401.181   691.263    47.53   36.91
  81686.507   701.336    35.31   28.10
  81971.854   709.446    28.42   27.22
  82257.223   719.826    36.38   30.79
  82542.614   733.862    49.19   36.95
  82828.026   753.248    67.93   48.77
  83113.459   774.971    76.11   55.80
  83398.913   798.561    82.65   53.40
  83684.390   818.947    71.42   46.48
  83969.887   831.877    45.29   39.91
  84255.406   836.209    15.17   34.25
  84540.947   831.185   -17.60   34.68
  84826.509   821.626   -33.48   31.43
  85112.092   813.042   -30.06   25.69
  85397.697   810.407    -9.23   22.81
  85683.323   814.751    15.21   28.64
  85968.971   827.635    45.11   40.31
  86254.641   845.501    62.55   44.29
  86540.331   862.183    58.40   44.05
  86826.044   874.795    44.14   42.01
  87111.778   886.961    42.58   36.32
  87397.533   899.553    44.07   36.58
  87683.310   913.259    47.96   41.47
  87969.108   925.144    41.59   39.83
  88254.928   931.179    21.11   36.80
  88540.770   934.484    11.56   37.83
  88826.633   934.222    -0.91   41.74
  89112.517   928.915   -18.56   43.86
  89398.423   916.393   -43.80   46.12
  89684.351   901.040   -53.70   46.07
  89970.300   889.234   -41.29   44.67
  90256.271   882.040   -25.16   41.21
  90542.263   885.602    12.45   48.23
  90828.277   894.703    31.82   55.69
  91114.313   905.602    38.11   59.06
  91400.370   920.268    51.27   55.81
  91686.449   932.857    44.01   46.23
  91972.549   932.109    -2.62   49.55
  92258.671   914.972   -59.90   65.85
  92544.814   889.518   -88.96   74.94
  92830.979   872.427   -59.73   70.97
  93117.166   863.040   -32.80   64.43
  93403.374   865.669     9.19   66.09
  93689.604   874.748    31.72   69.69
  93975.856   894.825    70.14   70.93
  94262.129   924.143   102.42   56.80
  94548.424   945.040    73.00   35.16
  94834.741   953.643    30.05   26.26
  95121.079   955.700     7.18   24.72
  95407.438   957.370     5.83   27.54
  95693.820   960.677    11.55   32.50
  95980.223   960.259    -1.46   35.96
  96266.648   955.673   -16.01   38.58
  96553.094   946.925   -30.54   40.72
  96839.563   934.472   -43.48   41.30
  97126.052   922.901   -40.39   35.19
  97412.564   915.101   -27.23   25.93
  97699.097   914.336    -2.67   23.46
  97985.652   916.681     8.18   24.14
  98272.229   919.565    10.06   23.99
  98558.827   924.783    18.21   23.34
  98845.447   933.228    29.46   26.14
  99132.089   942.286    31.60   30.20
  99418.753   949.937    26.69   31.20
  99705.438   954.925    17.40   32.00
  99992.145   957.524     9.07   30.42
 100278.874   955.169    -8.21   30.41
 100565.624   951.890   -11.44   29.45
 100852.396   949.425    -8.60   29.52
 101139.190   946.123   -11.52   30.23
 101426.006   941.124   -17.43   28.60
 101712.844   936.388   -16.51   27.49
 101999.703   936.507     0.42   30.14
 102286.584   940.634    14.38   32.58
 102573.487   943.519    10.06   33.47
 102860.412   944.352     2.90   33.77
 103147.358   946.305     6.80   33.86
 103434.327   946.207    -0.34   34.50
 103721.317   943.402    -9.77   35.76
 104008.329   940.616    -9.71   33.08
 104295.362   938.880    -6.05   31.38
 104582.418   940.164     4.47   31.92
 104869.495   943.332    11.04   32.57
 105156.594   941.297    -7.09   30.88
 105443.715   935.716   -19.44   30.97
 105730.858   932.926    -9.72   31.79
 106018.023   929.062   -13.46   34.28
 106305.210   924.602   -15.53   34.68
 106592.418   923.051    -5.40   34.77
 106879.648   926.175    10.88   37.68
 107166.901   938.040    41.31   46.82
 107454.175   956.478    64.19   52.95
 107741.471   971.857    53.54   50.29
 108028.788   980.926    31.57   44.72
 108316.128   987.370    22.43   46.80
 108603.490   992.961    19.46   53.80
 108890.873   997.461    15.66   59.45
 109178.279   991.631   -20.29   64.81
 109465.706   973.823   -61.97   72.65
 109753.155   957.512   -56.75   80.49
 110040.626   936.728   -72.31   85.46
 110328.119   914.658   -76.77   79.80
 110615.634   894.146   -71.35   62.75
 110903.171   879.019   -52.62   44.77
 111190.730   875.356   -12.74   42.56
 111478.311   873.828    -5.31   41.28
 111765.914   872.078    -6.09   36.80
 112053.539   871.090    -3.44   32.26
 112341.185   867.424   -12.75   26.48
 112628.854   866.578    -2.94   25.37
 112916.545   870.590    13.95   30.33
 113204.257   873.682    10.75   32.72
 113491.992   875.899     7.71   34.99
 113779.749   874.654    -4.33   34.72
 114067.527   872.783    -6.50   31.92
 114355.328   873.414     2.19   30.28
 114643.150   878.800    18.71   32.85
 114930.995   886.685    27.40   35.94
 115218.862   896.120    32.78   41.70
 115506.750   903.363    25.16   44.05
 115794.661   906.052     9.34   45.85
 116082.594   905.501    -1.91   49.44
 116370.549   899.639   -20.36   52.28
 116658.526   888.782   -37.71   53.85
 116946.524   876.557   -42.45   50.86
 117234.545   864.208   -42.88   45.95
 117522.588   853.782   -36.20   38.51
 117810.653   846.512   -25.24   27.73
 118098.740   842.006   -15.64   18.37
 118386.850   841.604    -1.40   15.74
 118674.981   844.892    11.41   16.90
 118963.134   848.950    14.09   17.19
 119251.310   850.748     6.24   17.00
 119539.507   851.259     1.78   17.55
 119827.727   852.558     4.51   19.49
 120115.969   853.242     2.37   21.42
 120404.233   853.340     0.34   23.12
 120692.518   854.364     3.55   24.85
 120980.827   856.690     8.07   28.04
 121269.157   858.385     5.88   30.10
 121557.509   856.079    -8.00   31.09
 121845.884   851.778   -14.92   32.58
 122134.280   846.495   -18.32   33.24
 122422.699   838.724   -26.94   33.24
 122711.140   829.383   -32.39   29.52
 122999.603   818.971   -36.10   20.81
 123288.089   810.983   -27.69   14.86
 123576.596   807.169   -13.22   11.46
 123865.126   804.914    -7.82   10.82
 124153.677   804.123    -2.74   11.52
 124442.251   804.483     1.25   11.39
 124730.848   804.336    -0.51   11.80
 125019.466   804.294    -0.15   12.54
 125308.107   805.130     2.90   13.65
 125596.769   804.131    -3.46   15.21
 125885.454   801.222   -10.08   17.17
 126174.162   796.420   -16.63   16.84
 126462.891   791.586   -16.75   14.52
 126751.643   788.386   -11.08   11.94
 127040.417   783.681   -16.29    8.56
 127329.213   778.616   -17.54   10.85
 127618.031   774.109   -15.61   12.33
 127906.872   770.928   -11.01   13.18
 128195.735   768.677    -7.79   13.41
 128484.620   765.399   -11.35   13.63
 128773.528   762.234   -10.96   13.10
 129062.457   761.540    -2.40   14.44
 129351.409   761.558     0.06   15.77
 129640.384   762.144     2.03   17.32
 129929.380   762.414     0.93   20.81
 130218.399   762.018    -1.37   23.63
 130507.440   760.204    -6.28   24.77
 130796.504   759.588    -2.13   25.88
 131085.590   756.716    -9.94   26.75
 131374.698   752.832   -13.43   25.15
 131663.828   749.351   -12.04   19.14
 131952.981   748.704    -2.24   17.41
 132242.156   751.216     8.69   19.14
 132531.353   754.600    11.70   21.26
 132820.573   757.228     9.09   21.78
 133109.815   759.809     8.93   22.48
 133399.080   755.507   -14.88   21.90
 133688.367   751.762   -12.94   22.76
 133977.676   751.297    -1.61   23.15
 134267.007   755.363    14.05   26.39
 134556.361   763.098    26.74   37.24
 134845.738   767.669    15.80   42.83
 135135.136   773.006    18.44   47.20
 135424.558   775.790     9.62   48.71
 135714.001   774.259    -5.29   50.65
 136003.467   770.256   -13.83   51.37
 136292.955   764.590   -19.57   48.59
 136582.466   759.529   -17.48   44.79
 136871.999   758.961    -1.96   46.96
 137161.555   767.450    29.32   55.21
 137451.133   779.143    40.38   61.56
 137740.733   783.461    14.91   61.72
 138030.356   778.328   -17.72   60.25
 138320.002   770.211   -28.03   57.77
 138609.669   763.802   -22.13   53.94
 138899.360   759.006   -16.56   47.27
 139189.072   751.388   -26.30   40.39
 139478.807   745.018   -21.99   37.23
 139768.565   741.790   -11.14   34.75
 140054.219   740.696    -3.83   35.81
 140339.269   742.762     7.25   35.98
 140624.340   741.344    -4.98   34.89
 140909.432   736.821   -15.87   30.36
 141194.546   734.739    -7.30   33.18
 141479.682   733.483    -4.40   36.57
 141764.839   731.146    -8.20   40.70
 142050.017   725.724   -19.01   43.80
 142335.217   721.887   -13.46   45.74
 142620.439   717.816   -14.27   46.35
 142905.682   717.055    -2.67   45.79
 143190.946   717.459     1.42   45.77
 143476.232   719.602     7.51   47.76
 143761.540   724.102    15.77   54.89
 144046.869   734.501    36.45   67.26
 144332.219   743.495    31.52   71.28
 144617.591   755.216    41.08   73.33
 144902.985   777.233    77.16   75.48
 145188.400   807.367   105.59   79.96
 145473.837   836.774   103.04   82.40
 145759.295   869.309   113.99   81.93
 146044.775   899.228   104.81   76.69
 146330.277   922.181    80.41   62.19
 146615.800   928.390    21.75   56.07
 146901.344   925.448   -10.30   53.10
 147186.911   917.593   -27.51   51.77
 147472.498   910.274   -25.63   50.54
 147758.108   901.030   -32.37   52.31
 148043.739   888.437   -44.09   54.22
 148329.391   871.379   -59.72   55.05
 148615.066   856.995   -50.36   54.67
 148900.762   843.459   -47.38   49.90
 149186.479   830.739   -44.53   41.43
 149472.218   824.117   -23.18   38.53
 149757.979   817.899   -21.76   39.57
 150043.761   810.519   -25.83   44.25
 150329.565   804.902   -19.66   44.45
 150615.391   800.007   -17.13   46.48
 150901.238   797.915    -7.32   45.49
 151187.107   797.386    -1.85   40.66
 151472.998   799.905     8.81   38.65
 151758.910   809.017    31.88   42.05
 152044.844   821.782    44.65   46.51
 152330.800   832.131    36.20   48.12
 152616.777   845.018    45.07   45.04
 152902.776   859.892    52.01   44.13
 153188.797   875.719    55.34   50.30
 153474.839   887.616    41.60   57.47
 153760.903   895.165    26.40   59.32
 154046.989   899.438    14.94   56.25
 154333.097   905.179    20.07   54.73
 154619.226   908.359    11.11   54.29
 154905.377   903.506   -16.96   54.58
 155191.550   895.613   -27.59   49.11
 155477.744   881.332   -49.91   41.73
 155763.961   863.062   -63.84   35.10
 156050.199   856.552   -22.75   31.79
 156336.458   863.575    24.54   40.44
 156622.740   884.253    72.24   55.34
 156909.043   897.321    45.65   56.60
 157195.368   898.558     4.32   57.97
 157481.715   902.880    15.10   54.25
 157768.083   908.915    21.08   49.04
 158054.474   915.097    21.59   53.31
 158340.886   919.188    14.29   57.70
 158627.320   925.719    22.80   61.96
 158913.775   944.110    64.21   64.49
 159200.253   967.317    81.02   54.43
 159486.752   979.904    43.94   46.46
 159773.273   982.290     8.33   42.72
 160059.816   980.310    -6.91   41.35
 160346.381   974.399   -20.63   48.33
 160632.968   967.616   -23.67   51.97
 160919.576   957.765   -34.37   52.38
 161206.207   944.948   -44.72   53.16
 161492.859   928.383   -57.80   56.07
 161779.533   912.019   -57.09   55.81
 162066.229   894.239   -62.03   48.41
 162352.946   877.519   -58.32   50.04
 162639.686   841.830  -124.48   76.06
 162926.447   793.786  -167.57   97.62
 163213.231   743.739  -174.53  109.16
 163500.036   693.576  -174.93  105.91
 163786.863   651.379  -147.14   84.78
 164073.712   631.121   -70.63   60.21
 164360.583   634.030    10.14   57.27
 164647.476   657.294    81.10   74.50
 164934.391   686.393   101.43   84.95
 165221.327   713.983    96.17   84.87
 165508.286   735.600    75.34   80.38
 165795.266   742.414    23.75   74.67
 166082.269   740.274    -7.46   76.05
 166369.293   737.507    -9.64   76.12
 166656.339   732.623   -17.02   70.69
 166943.407   720.936   -40.72   60.84
 167230.498   706.709   -49.56   44.84
 167517.610   695.465   -39.17   34.29
 167804.744   692.812    -9.24   29.76
 168091.900   703.800    38.27   42.26
 168379.078   722.126    63.82   64.03
 168666.278   740.332    63.40   72.44
 168953.500   754.213    48.34   70.10
 169240.744   761.593    25.69   63.49
 169528.010   758.336   -11.34   58.97
 169815.298   745.751   -43.81   53.90
 170102.608   731.734   -48.79   45.04
 170389.940   716.984   -51.34   34.67
 170677.294   705.903   -38.57   32.91
 170964.670   694.731   -38.88   36.52
 171252.068   682.029   -44.20   44.27
 171539.488   656.438   -89.05   81.03
 171826.930   615.097  -143.84  125.78
 172114.394   560.700  -189.26  162.10
 172401.881   503.097  -200.40  173.78
 172689.389   469.489  -116.91  165.48
 172976.919   476.062    22.86  182.45
 173264.472   502.643    92.45  208.49
 173552.046   549.635   163.44  225.03
 173839.643   622.849   254.61  218.74
 174127.261   701.939   275.02  180.93
 174414.902   773.302   248.13  114.68
 174702.565   810.139   128.08   78.77
 174990.250   826.577    57.15   75.94
 175277.957   834.870    28.83   78.17
 175565.686   837.325     8.53   77.57
 175853.437   823.768   -47.12   81.57
 176141.210   801.759   -76.49   82.28
 176429.006   779.546   -77.20   75.81
 176716.823   754.284   -87.78   62.70
 177004.663   729.446   -86.30   51.52
 177292.525   708.838   -71.60   44.12
 177580.409   695.714   -45.59   43.83
